2 1 0 0 0 0 0.0805296 3.86101 0.703951 0 1 0.0805296 3.86101 0.703951 0 1 0 0 0 0 0 0 0 0 0 0 
1 1 0 0.00401395 0 0 0.0806523 3.85223 0.70268 0.00151634 1 0.0806523 3.85223 0.70268 0.00151634 1 0.198573 0 0.124747 0 0.991011 0 0.992003 0 0.951229 0 
1 1 0 0.00508928 0 0 0.0807271 3.84691 0.701904 0.00192096 1 0.0807271 3.84691 0.701904 0.00192096 1 0.208472 0 0.120544 0 0.990827 0 0.992057 0 0.951229 0 
1 1 0 0.00637857 0 0 0.0808409 3.83886 0.700724 0.00240611 1 0.0808409 3.83886 0.700724 0.00240611 1 0.222188 0 0.115584 0 0.990567 0 0.992114 0 0.951229 0 
1 1 0 0.0079302 0 0 0.0810139 3.82673 0.698928 0.00299084 1 0.0810139 3.82673 0.698928 0.00299084 1 0.109918 0 0.241392 0 0.990192 0 0.992169 0 0.951229 0 
1 1 0 0.0097985 0 0 0.0812775 3.80848 0.696186 0.00369773 1 0.0812775 3.80848 0.696186 0.00369773 1 0.103649 0 0.268833 0 0.989626 0 0.992218 0 0.951229 0 
1 1 0 0.0120411 0 0 0.0816814 3.78107 0.691976 0.00455329 1 0.0816814 3.78107 0.691976 0.00455329 1 0.0969373 0 0.309272 0 0.988723 0 0.992249 0 0.951229 0 
1 1 0 0.0147118 0 0 0.0823056 3.73992 0.685449 0.00558815 1 0.0823056 3.73992 0.685449 0.00558815 1 0.090008 0 0.371476 0 0.98714 0 0.99225 0 0.951229 0 
1 1 0 0.0178435 0 0 0.083283 3.67822 0.675179 0.00683646 1 0.083283 3.67822 0.675179 0.00683646 1 0.0831522 0 0.472915 0 0.983857 0 0.992197 0 0.951229 0 
1 1 0 0.021415 0 0 0.084844 3.5858 0.658681 0.00833435 1 0.084844 3.5858 0.658681 0.00833435 1 0.0767254 0 0.653439 0 0.973677 0 0.992047 0 0.951229 0 
1 1 0 0.0243019 0 94.0054 0.0866346 3.48769 0.639659 0.0096407 1 0.0866346 3.48769 0.639659 0.0096407 1 0.0724457 0 0.92306 0.0617881 0.92306 -0.0617881 0.991824 0 0.951229 0 
2 1 0 0.0256681 0 62.6379 0.0877314 3.43116 0.62798 0.0103052 1 0.0877314 3.43116 0.62798 0.0103052 1 0.0706799 0 0.996473 0.100292 0.996473 -0.100292 0.991669 0 0.951229 0 
2 1 0 0.0276402 0 62.6379 0.0897414 3.33352 0.606579 0.0113433 1 0.0897414 3.33352 0.606579 0.0113433 1 0.0684255 0 1.24226 0 1.0438 0 0.991358 0 0.951229 0 
2 1 0 0.0292215 0 62.6379 0.0918938 3.2362 0.58374 0.0122742 1 0.0918938 3.2362 0.58374 0.0122742 1 0.0668949 0 1.61386 0 1.01811 0 0.990993 0 0.951229 0 
2 1 0 0.0305051 0 62.6379 0.0941893 3.1392 0.559579 0.0131274 1 0.0941893 3.1392 0.559579 0.0131274 1 0.0658788 0 2.02141 0 1.01139 0 0.990574 0 0.951229 0 
2 1 0 0.0315638 0 62.6379 0.0966259 3.0425 0.53427 0.0139251 1 0.0966259 3.0425 0.53427 0.0139251 1 0.0652477 0 2.47972 0 1.00829 0 0.990104 0 0.951229 0 
2 1 0 0.0324576 0 62.6379 0.0991989 2.94604 0.508043 0.0146854 1 0.0991989 2.94604 0.508043 0.0146854 1 0.0649153 0 2.987 0 1.00661 0 0.989587 0 0.951229 0 
2 1 0 0.0332387 0 62.6379 0.1019 2.84976 0.481184 0.0154239 1 0.1019 2.84976 0.481184 0.0154239 1 0.0648202 0 3.53615 0 1.00572 0 0.989031 0 0.951229 0 
2 1 0 0.0339524 0 62.6379 0.104718 2.75356 0.454029 0.0161543 1 0.104718 2.75356 0.454029 0.0161543 1 0.0649165 0 4.1156 0 1.00533 0 0.98845 0 0.951229 0 
2 1 0 0.0346397 0 62.6379 0.107636 2.65735 0.426944 0.0168893 1 0.107636 2.65735 0.426944 0.0168893 1 0.0651671 0 4.70999 0 1.00534 0 0.987855 0 0.951229 0 
2 1 0 0.0353362 0 62.6379 0.110632 2.56101 0.400316 0.0176397 1 0.110632 2.56101 0.400316 0.0176397 1 0.0655416 0 5.30067 0 1.0057 0 0.987264 0 0.951229 0 
2 1 0 0.036074 0 62.6379 0.113678 2.46445 0.374537 0.0184155 1 0.113678 2.46445 0.374537 0.0184155 1 0.0660127 0 5.86797 0 1.0064 0 0.986692 0 0.951229 0 
2 1 0 0.0368813 0 62.6379 0.116741 2.36757 0.349975 0.0192251 1 0.116741 2.36757 0.349975 0.0192251 1 0.0665558 0 6.39244 0 1.00743 0 0.986154 0 0.951229 0 
2 1 0 0.0377824 0 62.6379 0.119781 2.27031 0.326955 0.0200754 1 0.119781 2.27031 0.326955 0.0200754 1 0.0671483 0 6.8574 0 1.0088 0 0.985665 0 0.951229 0 
2 1 0 0.0387986 0 62.6379 0.122755 2.17264 0.305743 0.0209719 1 0.122755 2.17264 0.305743 0.0209719 1 0.0677695 0 7.2509 0 1.01052 0 0.985234 0 0.951229 0 
2 1 0 0.0399482 0 62.6379 0.125618 2.07455 0.286529 0.0219189 1 0.125618 2.07455 0.286529 0.0219189 1 0.0684008 0 7.56699 0 1.01259 0 0.984866 0 0.951229 0 
2 1 0 0.0412475 0 62.6379 0.128324 1.97608 0.269421 0.0229197 1 0.128324 1.97608 0.269421 0.0229197 1 0.0690262 0 7.80596 0 1.01498 0 0.984559 0 0.951229 0 
2 1 0 0.0427119 0 62.6379 0.130834 1.87725 0.254446 0.0239776 1 0.130834 1.87725 0.254446 0.0239776 1 0.0696329 0 7.97346 0 1.01769 0 0.984308 0 0.951229 0 
2 1 0 0.0443578 0 62.6379 0.133115 1.77814 0.241557 0.0250964 1 0.133115 1.77814 0.241557 0.0250964 1 0.0702116 0 8.07878 0 1.02067 0 0.984099 0 0.951229 0 
2 1 0 0.046205 0 62.6379 0.135143 1.67878 0.23065 0.026282 1 0.135143 1.67878 0.23065 0.026282 1 0.0707567 0 8.13269 0 1.02389 0 0.983916 0 0.951229 0 
2 1 0 0.0482789 0 62.6379 0.136907 1.57923 0.221573 0.0275432 1 0.136907 1.57923 0.221573 0.0275432 1 0.0712662 0 8.14545 0 1.02731 0 0.983737 0 0.951229 0 
2 1 0 0.0506143 0 62.6379 0.138406 1.47956 0.214153 0.0288937 1 0.138406 1.47956 0.214153 0.0288937 1 0.0717416 0 8.12526 0 1.03091 0 0.983544 0 0.951229 0 
2 1 0 0.0532597 0 62.6379 0.139648 1.37979 0.208196 0.0303527 1 0.139648 1.37979 0.208196 0.0303527 1 0.0721872 0 8.07727 0 1.03471 0 0.983314 0 0.951229 0 
2 1 0 0.0562832 0 62.6379 0.140653 1.27996 0.203511 0.0319482 1 0.140653 1.27996 0.203511 0.0319482 1 0.0726102 0 8.003 0 1.03874 0 0.98303 0 0.951229 0 
2 1 0 0.0597817 0 62.6379 0.141442 1.18011 0.199909 0.0337189 1 0.141442 1.18011 0.199909 0.0337189 1 0.0730203 0 7.90007 0 1.04312 0 0.982673 0 0.951229 0 
2 1 0 0.0638953 0 62.6379 0.142042 1.08025 0.19721 0.0357193 1 0.142042 1.08025 0.19721 0.0357193 1 0.0734296 0 7.76193 0 1.04802 0 0.982226 0 0.951229 0 
2 1 0 0.0688318 0 62.6379 0.142484 0.980419 0.195252 0.0380267 1 0.142484 0.980419 0.195252 0.0380267 1 0.0738531 0 7.57727 0 1.05374 0 0.981672 0 0.951229 0 
2 1 0 0.074912 0 62.6379 0.142795 0.880651 0.193883 0.0407549 1 0.142795 0.880651 0.193883 0.0407549 1 0.0743098 0 7.32872 0 1.06078 0 0.98099 0 0.951229 0 
2 1 0 0.0826572 0 62.6379 0.143004 0.781011 0.192973 0.044078 1 0.143004 0.781011 0.192973 0.044078 1 0.0748247 0 6.99022 0 1.07005 0 0.980152 0 0.951229 0 
2 1 0 0.092975 0 62.6379 0.143135 0.681636 0.192404 0.0482775 1 0.143135 0.681636 0.192404 0.0482775 1 0.0754326 0 6.52182 0 1.08329 0 0.979118 0 0.951229 0 
2 1 0 0.107592 0 62.6379 0.14321 0.582867 0.192078 0.0538403 1 0.14321 0.582867 0.192078 0.0538403 1 0.0761851 0 5.85974 0 1.10445 0 0.977829 0 0.951229 0 
2 1 0 0.130159 0 62.6379 0.143248 0.485761 0.191913 0.0616603 1 0.143248 0.485761 0.191913 0.0616603 1 0.0771594 0 4.9001 0 1.1446 0 0.976202 0 0.951229 0 
2 1 0 0.168838 0 62.6379 0.143264 0.394278 0.191845 0.0732745 1 0.143264 0.394278 0.191845 0.0732745 1 0.0784374 0 3.49504 0 1.25025 0 0.974169 0 0.951229 0 
2 1 0 0.23555 0 19.9229 0.143268 0.321528 0.191824 0.089301 1 0.143268 0.321528 0.191824 0.089301 1 0.0798497 0 1.61911 0.528256 1.61911 -0.528256 0.971987 0 0.951229 0 
2 1 0 0.324786 0 9.73276 0.14327 0.279333 0.19182 0.105317 1 0.14327 0.279333 0.19182 0.105317 1 0.0807758 0 1.07035 0.806232 1.07035 -0.806232 0.970354 0 0.951229 0 
2 1 0 0.421447 0 8.09172 0.14327 0.257149 0.191818 0.118146 1 0.14327 0.257149 0.191818 0.118146 1 0.081051 0 0.77066 0.757059 0.77066 -0.757059 0.969338 0 0.951229 0 
2 1 0 0.461193 0 7.81319 0.14327 0.2512 0.191818 0.122465 1 0.14327 0.2512 0.191818 0.122465 1 0.0810199 0 0.693943 0.720508 0.693943 -0.720508 0.969042 0 0.951229 0 
1 1 0 0.560223 0 7.50751 0.14327 0.240622 0.191818 0.131475 1 0.14327 0.240622 0.191818 0.131475 1 0.0806888 0 0.567021 0.62868 0.567021 -0.62868 0.968488 0 0.951229 0 
1 1 0 0.659721 0 7.49918 0.14327 0.233641 0.191818 0.138639 1 0.14327 0.233641 0.191818 0.138639 1 0.0800908 0 0.493293 0.547958 0.493293 -0.547958 0.968101 0 0.951229 0 
1 1 0 0.75943 0 7.65757 0.14327 0.228718 0.191818 0.144458 1 0.14327 0.228718 0.191818 0.144458 1 0.0793064 0 0.447967 0.480593 0.447967 -0.480593 0.967817 0 0.951229 0 
1 1 0 0.859248 0 7.93046 0.14327 0.225071 0.191818 0.149274 1 0.14327 0.225071 0.191818 0.149274 1 0.0783881 0 0.418733 0.424541 0.418733 -0.424541 0.9676 0 0.951229 0 
1 1 0 0.959126 0 8.29587 0.14327 0.222267 0.191817 0.153323 1 0.14327 0.222267 0.191817 0.153323 1 0.0773723 0 0.399121 0.377365 0.399121 -0.377365 0.96743 0 0.951229 0 
1 1 0 1.05904 0 8.74657 0.14327 0.220046 0.191817 0.156775 1 0.14327 0.220046 0.191817 0.156775 1 0.0762858 0 0.385538 0.337026 0.385538 -0.337026 0.967292 0 0.951229 0 
1 1 0 1.15898 0 9.28443 0.14327 0.218245 0.191817 0.159753 1 0.14327 0.218245 0.191817 0.159753 1 0.0751493 0 0.375887 0.301947 0.375887 -0.301947 0.967179 0 0.951229 0 
1 1 0 1.25894 0 9.91868 0.14327 0.216756 0.191817 0.162347 1 0.14327 0.216756 0.191817 0.162347 1 0.0739793 0 0.368887 0.270927 0.368887 -0.270927 0.967084 0 0.951229 0 
1 1 0 1.3589 0 10.6664 0.14327 0.215504 0.191817 0.164627 1 0.14327 0.215504 0.191817 0.164627 1 0.0727896 0 0.363728 0.243042 0.363728 -0.243042 0.967004 0 0.951229 0 
1 1 0 1.45888 0 11.5551 0.14327 0.214438 0.191817 0.166646 1 0.14327 0.214438 0.191817 0.166646 1 0.0715915 0 0.359879 0.217565 0.359879 -0.217565 0.966935 0 0.951229 0 
1 1 0 1.55886 0 12.6277 0.14327 0.21352 0.191817 0.168448 1 0.14327 0.21352 0.191817 0.168448 1 0.0703946 0 0.356982 0.193896 0.356982 -0.193896 0.966875 0 0.951229 0 
1 1 0 1.65884 0 13.9538 0.14327 0.21272 0.191817 0.170065 1 0.14327 0.21272 0.191817 0.170065 1 0.0692066 0 0.354789 0.171508 0.354789 -0.171508 0.966822 0 0.951229 0 
1 1 0 1.75883 0 15.6504 0.14327 0.212018 0.191817 0.171525 1 0.14327 0.212018 0.191817 0.171525 1 0.0680352 0 0.353124 0.149911 0.353124 -0.149911 0.966776 0 0.951229 0 
1 1 0 1.85882 0 17.9379 0.14327 0.211396 0.191817 0.172848 1 0.14327 0.211396 0.191817 0.172848 1 0.0668854 0 0.351861 0.128549 0.351861 -0.128549 0.966735 0 0.951229 0 
1 1 0 1.95881 0 21.2865 0.14327 0.210842 0.191817 0.174055 1 0.14327 0.210842 0.191817 0.174055 1 0.0657616 0 0.350906 0.106694 0.350906 -0.106694 0.966698 0 0.951229 0 
1 1 0 2.0588 0 26.9669 0.14327 0.210344 0.191817 0.175158 1 0.14327 0.210344 0.191817 0.175158 1 0.0646672 0 0.35019 0.0831021 0.35019 -0.0831021 0.966665 0 0.951229 0 
1 1 0 2.15879 0 40.5799 0.14327 0.209896 0.191817 0.176172 1 0.14327 0.209896 0.191817 0.176172 1 0.0636049 0 0.349662 0.0545766 0.349662 -0.0545766 0.966634 0 0.951229 0 
1 1 0 2.25879 0 40.5799 0.14327 0.20949 0.191817 0.177106 1 0.14327 0.20949 0.191817 0.177106 1 0.0625765 0 0.371374 0 0.327186 0 0.966607 0 0.951229 0 
1 1 0 2.35879 0 40.5799 0.14327 0.20912 0.191817 0.17797 1 0.14327 0.20912 0.191817 0.17797 1 0.0615832 0 0.408733 0 0.289295 0 0.966582 0 0.951229 0 
1 1 0 2.45878 0 40.5799 0.14327 0.208781 0.191817 0.17877 1 0.14327 0.208781 0.191817 0.17877 1 0.0606256 0 0.428302 0 0.269377 0 0.966559 0 0.951229 0 
1 1 0 2.55878 0 40.5799 0.14327 0.208471 0.191817 0.179515 1 0.14327 0.208471 0.191817 0.179515 1 0.059704 0 0.442438 0 0.255038 0 0.966538 0 0.951229 0 
1 1 0 2.65878 0 40.5799 0.14327 0.208185 0.191817 0.180209 1 0.14327 0.208185 0.191817 0.180209 1 0.058818 0 0.453583 0 0.243805 0 0.966518 0 0.951229 0 
1 1 0 2.75877 0 40.5799 0.14327 0.20792 0.191817 0.180858 1 0.14327 0.20792 0.191817 0.180858 1 0.0579673 0 0.462771 0 0.234621 0 0.9665 0 0.951229 0 
1 1 0 2.85877 0 40.5799 0.14327 0.207675 0.191817 0.181465 1 0.14327 0.207675 0.191817 0.181465 1 0.057151 0 0.470559 0 0.226911 0 0.966484 0 0.951229 0 
1 1 0 2.95877 0 40.5799 0.14327 0.207447 0.191817 0.182036 1 0.14327 0.207447 0.191817 0.182036 1 0.0563682 0 0.477287 0 0.220318 0 0.966468 0 0.951229 0 
1 1 0 3.05877 0 40.5799 0.14327 0.207235 0.191817 0.182572 1 0.14327 0.207235 0.191817 0.182572 1 0.055618 0 0.483185 0 0.2146 0 0.966453 0 0.951229 0 
1 1 0 3.15877 0 40.5799 0.14327 0.207037 0.191817 0.183077 1 0.14327 0.207037 0.191817 0.183077 1 0.054899 0 0.488413 0 0.209587 0 0.96644 0 0.951229 0 
1 1 0 3.25876 0 40.5799 0.14327 0.206852 0.191817 0.183553 1 0.14327 0.206852 0.191817 0.183553 1 0.0542103 0 0.49309 0 0.205153 0 0.966427 0 0.951229 0 
1 1 0 3.35876 0 40.5799 0.14327 0.206678 0.191817 0.184004 1 0.14327 0.206678 0.191817 0.184004 1 0.0535504 0 0.497306 0 0.201202 0 0.966415 0 0.951229 0 
1 1 0 3.45876 0 40.5799 0.14327 0.206514 0.191817 0.18443 1 0.14327 0.206514 0.191817 0.18443 1 0.0529182 0 0.50113 0 0.197657 0 0.966404 0 0.951229 0 
1 1 0 3.55876 0 40.5799 0.14327 0.20636 0.191817 0.184835 1 0.14327 0.20636 0.191817 0.184835 1 0.0523124 0 0.504618 0 0.19446 0 0.966393 0 0.951229 0 
1 1 0 3.65876 0 40.5799 0.14327 0.206215 0.191817 0.185219 1 0.14327 0.206215 0.191817 0.185219 1 0.0517319 0 0.507815 0 0.191562 0 0.966383 0 0.951229 0 
1 1 0 3.75876 0 40.5799 0.14327 0.206077 0.191817 0.185583 1 0.14327 0.206077 0.191817 0.185583 1 0.0511753 0 0.510758 0 0.188923 0 0.966373 0 0.951229 0 
1 1 0 3.85876 0 40.5799 0.14327 0.205947 0.191817 0.185931 1 0.14327 0.205947 0.191817 0.185931 1 0.0506416 0 0.513478 0 0.18651 0 0.966364 0 0.951229 0 
1 1 0 3.95876 0 40.5799 0.14327 0.205824 0.191817 0.186262 1 0.14327 0.205824 0.191817 0.186262 1 0.0501296 0 0.516 0 0.184296 0 0.966356 0 0.951229 0 
1 1 0 4.05876 0 40.5799 0.14327 0.205707 0.191817 0.186578 1 0.14327 0.205707 0.191817 0.186578 1 0.0496383 0 0.518346 0 0.182258 0 0.966348 0 0.951229 0 
1 1 0 4.15876 0 40.5799 0.14327 0.205596 0.191817 0.186879 1 0.14327 0.205596 0.191817 0.186879 1 0.0491667 0 0.520534 0 0.180376 0 0.96634 0 0.951229 0 
1 1 0 4.25876 0 40.5799 0.14327 0.205491 0.191817 0.187167 1 0.14327 0.205491 0.191817 0.187167 1 0.0487137 0 0.52258 0 0.178632 0 0.966333 0 0.951229 0 
1 1 0 4.35876 0 40.5799 0.14327 0.20539 0.191817 0.187443 1 0.14327 0.20539 0.191817 0.187443 1 0.0482784 0 0.524498 0 0.177014 0 0.966326 0 0.951229 0 
1 1 0 4.45876 0 40.5799 0.14327 0.205294 0.191817 0.187708 1 0.14327 0.205294 0.191817 0.187708 1 0.04786 0 0.5263 0 0.175507 0 0.966319 0 0.951229 0 
1 1 0 4.55876 0 40.5799 0.14327 0.205202 0.191817 0.187961 1 0.14327 0.205202 0.191817 0.187961 1 0.0474575 0 0.527997 0 0.174101 0 0.966313 0 0.951229 0 
1 1 0 4.65876 0 40.5799 0.14327 0.205115 0.191817 0.188204 1 0.14327 0.205115 0.191817 0.188204 1 0.0470703 0 0.529597 0 0.172787 0 0.966306 0 0.951229 0 
1 1 0 4.75876 0 40.5799 0.14327 0.205031 0.191817 0.188438 1 0.14327 0.205031 0.191817 0.188438 1 0.0466975 0 0.53111 0 0.171555 0 0.966301 0 0.951229 0 
1 1 0 4.85876 0 40.5799 0.14327 0.20495 0.191817 0.188662 1 0.14327 0.20495 0.191817 0.188662 1 0.0463385 0 0.532541 0 0.170399 0 0.966295 0 0.951229 0 
1 1 0 4.95876 0 40.5799 0.14327 0.204873 0.191817 0.188878 1 0.14327 0.204873 0.191817 0.188878 1 0.0459925 0 0.533898 0 0.169312 0 0.96629 0 0.951229 0 
1 1 0 5.05875 0 40.5799 0.14327 0.2048 0.191817 0.189086 1 0.14327 0.2048 0.191817 0.189086 1 0.045659 0 0.535186 0 0.168288 0 0.966284 0 0.951229 0 
1 1 0 5.15875 0 40.5799 0.14327 0.204729 0.191817 0.189286 1 0.14327 0.204729 0.191817 0.189286 1 0.0453373 0 0.536411 0 0.167322 0 0.966279 0 0.951229 0 
1 1 0 5.25875 0 40.5799 0.14327 0.20466 0.191817 0.189479 1 0.14327 0.20466 0.191817 0.189479 1 0.0450268 0 0.537577 0 0.166409 0 0.966275 0 0.951229 0 
1 1 0 5.35875 0 40.5799 0.14327 0.204595 0.191817 0.189665 1 0.14327 0.204595 0.191817 0.189665 1 0.0447271 0 0.538689 0 0.165545 0 0.96627 0 0.951229 0 
1 1 0 5.45875 0 40.5799 0.14327 0.204532 0.191817 0.189845 1 0.14327 0.204532 0.191817 0.189845 1 0.0444376 0 0.539749 0 0.164726 0 0.966266 0 0.951229 0 
1 1 0 5.55875 0 40.5799 0.14327 0.204471 0.191817 0.190019 1 0.14327 0.204471 0.191817 0.190019 1 0.0441579 0 0.540762 0 0.163949 0 0.966261 0 0.951229 0 
1 1 0 5.65875 0 40.5799 0.14327 0.204413 0.191817 0.190186 1 0.14327 0.204413 0.191817 0.190186 1 0.0438874 0 0.541731 0 0.163211 0 0.966257 0 0.951229 0 
1 1 0 5.75875 0 40.5799 0.14327 0.204356 0.191817 0.190349 1 0.14327 0.204356 0.191817 0.190349 1 0.0436258 0 0.542659 0 0.162509 0 0.966253 0 0.951229 0 
1 1 0 5.85875 0 40.5799 0.14327 0.204302 0.191817 0.190506 1 0.14327 0.204302 0.191817 0.190506 1 0.0433727 0 0.543548 0 0.16184 0 0.966249 0 0.951229 0 
1 1 0 5.95875 0 40.5799 0.14327 0.204249 0.191817 0.190657 1 0.14327 0.204249 0.191817 0.190657 1 0.0431277 0 0.544401 0 0.161203 0 0.966246 0 0.951229 0 
1 1 0 6.05875 0 40.5799 0.14327 0.204198 0.191817 0.190805 1 0.14327 0.204198 0.191817 0.190805 1 0.0428904 0 0.545219 0 0.160595 0 0.966242 0 0.951229 0 
1 1 0 6.15875 0 40.5799 0.14327 0.204149 0.191817 0.190947 1 0.14327 0.204149 0.191817 0.190947 1 0.0426605 0 0.546006 0 0.160014 0 0.966239 0 0.951229 0 
1 1 0 6.25875 0 40.5799 0.14327 0.204101 0.191817 0.191085 1 0.14327 0.204101 0.191817 0.191085 1 0.0424376 0 0.159458 0 0.546762 0 0.966235 0 0.951229 0 
1 1 0 6.35875 0 40.5799 0.14327 0.204055 0.191817 0.191219 1 0.14327 0.204055 0.191817 0.191219 1 0.0422215 0 0.158927 0 0.54749 0 0.966232 0 0.951229 0 
1 1 0 6.45875 0 40.5799 0.14327 0.204011 0.191817 0.191349 1 0.14327 0.204011 0.191817 0.191349 1 0.0420119 0 0.158418 0 0.548191 0 0.966229 0 0.951229 0 
1 1 0 6.55875 0 40.5799 0.14327 0.203968 0.191817 0.191476 1 0.14327 0.203968 0.191817 0.191476 1 0.0418084 0 0.157929 0 0.548866 0 0.966226 0 0.951229 0 
1 1 0 6.65875 0 40.5799 0.14327 0.203926 0.191817 0.191598 1 0.14327 0.203926 0.191817 0.191598 1 0.0416109 0 0.157461 0 0.549518 0 0.966223 0 0.951229 0 
1 1 0 6.75875 0 40.5799 0.14327 0.203885 0.191817 0.191718 1 0.14327 0.203885 0.191817 0.191718 1 0.0414191 0 0.157011 0 0.550146 0 0.96622 0 0.951229 0 
1 1 0 6.85875 0 40.5799 0.14327 0.203846 0.191817 0.191833 1 0.14327 0.203846 0.191817 0.191833 1 0.0412328 0 0.156578 0 0.550753 0 0.966217 0 0.951229 0 
1 1 0 6.95875 0 40.5799 0.14327 0.203808 0.191817 0.191946 1 0.14327 0.203808 0.191817 0.191946 1 0.0410517 0 0.156163 0 0.55134 0 0.966215 0 0.951229 0 
1 1 0 7.05875 0 40.5799 0.14327 0.203771 0.191817 0.192056 1 0.14327 0.203771 0.191817 0.192056 1 0.0408756 0 0.155762 0 0.551907 0 0.966212 0 0.951229 0 
1 1 0 7.15875 0 40.5799 0.14327 0.203734 0.191817 0.192162 1 0.14327 0.203734 0.191817 0.192162 1 0.0407044 0 0.155377 0 0.552456 0 0.966209 0 0.951229 0 
1 1 0 7.25875 0 40.5799 0.14327 0.203699 0.191817 0.192266 1 0.14327 0.203699 0.191817 0.192266 1 0.0405378 0 0.155006 0 0.552987 0 0.966207 0 0.951229 0 
1 1 0 7.35875 0 40.5799 0.14327 0.203665 0.191817 0.192367 1 0.14327 0.203665 0.191817 0.192367 1 0.0403757 0 0.154647 0 0.553501 0 0.966205 0 0.951229 0 
1 1 0 7.45875 0 40.5799 0.14327 0.203632 0.191817 0.192466 1 0.14327 0.203632 0.191817 0.192466 1 0.0402179 0 0.154302 0 0.553999 0 0.966202 0 0.951229 0 
1 1 0 7.55875 0 40.5799 0.14327 0.2036 0.191817 0.192561 1 0.14327 0.2036 0.191817 0.192561 1 0.0400642 0 0.153968 0 0.554482 0 0.9662 0 0.951229 0 
1 1 0 7.65875 0 40.5799 0.14327 0.203569 0.191817 0.192655 1 0.14327 0.203569 0.191817 0.192655 1 0.0399144 0 0.153646 0 0.554951 0 0.966198 0 0.951229 0 
1 1 0 7.75875 0 40.5799 0.14327 0.203538 0.191817 0.192746 1 0.14327 0.203538 0.191817 0.192746 1 0.0397685 0 0.153334 0 0.555405 0 0.966196 0 0.951229 0 
1 1 0 7.85875 0 40.5799 0.14327 0.203508 0.191817 0.192835 1 0.14327 0.203508 0.191817 0.192835 1 0.0396263 0 0.153033 0 0.555847 0 0.966193 0 0.951229 0 
1 1 0 7.95875 0 40.5799 0.14327 0.203479 0.191817 0.192922 1 0.14327 0.203479 0.191817 0.192922 1 0.0394877 0 0.152741 0 0.556275 0 0.966191 0 0.951229 0 
1 1 0 8.05875 0 40.5799 0.14327 0.203451 0.191817 0.193007 1 0.14327 0.203451 0.191817 0.193007 1 0.0393524 0 0.152459 0 0.556692 0 0.966189 0 0.951229 0 
1 1 0 8.15875 0 40.5799 0.14327 0.203423 0.191817 0.19309 1 0.14327 0.203423 0.191817 0.19309 1 0.0392205 0 0.152186 0 0.557097 0 0.966187 0 0.951229 0 
1 1 0 8.25875 0 40.5799 0.14327 0.203396 0.191817 0.19317 1 0.14327 0.203396 0.191817 0.19317 1 0.0390918 0 0.151921 0 0.55749 0 0.966185 0 0.951229 0 
1 1 0 8.35875 0 40.5799 0.14327 0.20337 0.191817 0.193249 1 0.14327 0.20337 0.191817 0.193249 1 0.0389661 0 0.151664 0 0.557873 0 0.966184 0 0.951229 0 
1 1 0 8.45875 0 40.5799 0.14327 0.203345 0.191817 0.193327 1 0.14327 0.203345 0.191817 0.193327 1 0.0388434 0 0.151415 0 0.558246 0 0.966182 0 0.951229 0 
1 1 0 8.55875 0 40.5799 0.14327 0.20332 0.191817 0.193402 1 0.14327 0.20332 0.191817 0.193402 1 0.0387236 0 0.151173 0 0.558609 0 0.96618 0 0.951229 0 
1 1 0 8.65875 0 40.5799 0.14327 0.203295 0.191817 0.193476 1 0.14327 0.203295 0.191817 0.193476 1 0.0386065 0 0.150938 0 0.558962 0 0.966178 0 0.951229 0 
1 1 0 8.75875 0 40.5799 0.14327 0.203271 0.191817 0.193548 1 0.14327 0.203271 0.191817 0.193548 1 0.0384921 0 0.15071 0 0.559306 0 0.966177 0 0.951229 0 
1 1 0 8.85875 0 40.5799 0.14327 0.203248 0.191817 0.193618 1 0.14327 0.203248 0.191817 0.193618 1 0.0383803 0 0.150489 0 0.559641 0 0.966175 0 0.951229 0 
1 1 0 8.95875 0 40.5799 0.14327 0.203225 0.191817 0.193687 1 0.14327 0.203225 0.191817 0.193687 1 0.038271 0 0.150273 0 0.559968 0 0.966173 0 0.951229 0 
1 1 0 9.05875 0 40.5799 0.14327 0.203203 0.191817 0.193755 1 0.14327 0.203203 0.191817 0.193755 1 0.0381642 0 0.150064 0 0.560287 0 0.966172 0 0.951229 0 
1 1 0 9.15875 0 40.5799 0.14327 0.203181 0.191817 0.193821 1 0.14327 0.203181 0.191817 0.193821 1 0.0380597 0 0.14986 0 0.560598 0 0.96617 0 0.951229 0 
1 1 0 9.25875 0 40.5799 0.14327 0.20316 0.191817 0.193886 1 0.14327 0.20316 0.191817 0.193886 1 0.0379574 0 0.149662 0 0.560902 0 0.966169 0 0.951229 0 
1 1 0 9.35875 0 40.5799 0.14327 0.203139 0.191817 0.193949 1 0.14327 0.203139 0.191817 0.193949 1 0.0378574 0 0.149469 0 0.561198 0 0.966167 0 0.951229 0 
1 1 0 9.45875 0 40.5799 0.14327 0.203119 0.191817 0.194011 1 0.14327 0.203119 0.191817 0.194011 1 0.0377595 0 0.149282 0 0.561488 0 0.966166 0 0.951229 0 
1 1 0 9.55875 0 40.5799 0.14327 0.203099 0.191817 0.194072 1 0.14327 0.203099 0.191817 0.194072 1 0.0376636 0 0.149099 0 0.56177 0 0.966164 0 0.951229 0 
1 1 0 9.65875 0 40.5799 0.14327 0.203079 0.191817 0.194131 1 0.14327 0.203079 0.191817 0.194131 1 0.0375698 0 0.14892 0 0.562046 0 0.966163 0 0.951229 0 
1 1 0 9.75875 0 40.5799 0.14327 0.20306 0.191817 0.19419 1 0.14327 0.20306 0.191817 0.19419 1 0.0374778 0 0.148747 0 0.562316 0 0.966162 0 0.951229 0 
1 1 0 9.85875 0 40.5799 0.14327 0.203041 0.191817 0.194247 1 0.14327 0.203041 0.191817 0.194247 1 0.0373878 0 0.148577 0 0.56258 0 0.96616 0 0.951229 0 
1 1 0 9.95875 0 40.5799 0.14327 0.203023 0.191817 0.194303 1 0.14327 0.203023 0.191817 0.194303 1 0.0372996 0 0.148412 0 0.562837 0 0.966159 0 0.951229 0 
1 1 0 10.0588 0 40.5799 0.14327 0.203005 0.191817 0.194358 1 0.14327 0.203005 0.191817 0.194358 1 0.0372132 0 0.148251 0 0.563089 0 0.966158 0 0.951229 0 
1 1 0 10.1588 0 40.5799 0.14327 0.202987 0.191817 0.194412 1 0.14327 0.202987 0.191817 0.194412 1 0.0371284 0 0.148094 0 0.563336 0 0.966156 0 0.951229 0 
1 1 0 10.2588 0 40.5799 0.14327 0.20297 0.191817 0.194465 1 0.14327 0.20297 0.191817 0.194465 1 0.0370454 0 0.14794 0 0.563577 0 0.966155 0 0.951229 0 
1 1 0 10.3588 0 40.5799 0.14327 0.202953 0.191817 0.194517 1 0.14327 0.202953 0.191817 0.194517 1 0.036964 0 0.14779 0 0.563814 0 0.966154 0 0.951229 0 
1 1 0 10.4588 0 40.5799 0.14327 0.202936 0.191817 0.194568 1 0.14327 0.202936 0.191817 0.194568 1 0.0368841 0 0.147644 0 0.564045 0 0.966153 0 0.951229 0 
1 1 0 10.5588 0 40.5799 0.14327 0.20292 0.191817 0.194618 1 0.14327 0.20292 0.191817 0.194618 1 0.0368058 0 0.1475 0 0.564271 0 0.966152 0 0.951229 0 
1 1 0 10.6588 0 40.5799 0.14327 0.202904 0.191817 0.194667 1 0.14327 0.202904 0.191817 0.194667 1 0.036729 0 0.147361 0 0.564493 0 0.966151 0 0.951229 0 
1 1 0 10.7588 0 40.5799 0.14327 0.202888 0.191817 0.194715 1 0.14327 0.202888 0.191817 0.194715 1 0.0366536 0 0.147224 0 0.56471 0 0.966149 0 0.951229 0 
1 1 0 10.8588 0 40.5799 0.14327 0.202873 0.191817 0.194763 1 0.14327 0.202873 0.191817 0.194763 1 0.0365796 0 0.14709 0 0.564922 0 0.966148 0 0.951229 0 
1 1 0 10.9588 0 40.5799 0.14327 0.202858 0.191817 0.194809 1 0.14327 0.202858 0.191817 0.194809 1 0.036507 0 0.14696 0 0.565131 0 0.966147 0 0.951229 0 
1 1 0 11.0588 0 40.5799 0.14327 0.202843 0.191817 0.194855 1 0.14327 0.202843 0.191817 0.194855 1 0.0364357 0 0.146832 0 0.565335 0 0.966146 0 0.951229 0 
1 1 0 11.1588 0 40.5799 0.14327 0.202829 0.191817 0.1949 1 0.14327 0.202829 0.191817 0.1949 1 0.0363657 0 0.146707 0 0.565536 0 0.966145 0 0.951229 0 
1 1 0 11.2588 0 40.5799 0.14327 0.202814 0.191817 0.194944 1 0.14327 0.202814 0.191817 0.194944 1 0.036297 0 0.146584 0 0.565732 0 0.966144 0 0.951229 0 
1 1 0 11.3588 0 40.5799 0.14327 0.2028 0.191817 0.194988 1 0.14327 0.2028 0.191817 0.194988 1 0.0362295 0 0.146464 0 0.565925 0 0.966143 0 0.951229 0 
1 1 0 11.4588 0 40.5799 0.14327 0.202786 0.191817 0.19503 1 0.14327 0.202786 0.191817 0.19503 1 0.0361632 0 0.146347 0 0.566114 0 0.966142 0 0.951229 0 
1 1 0 11.5588 0 40.5799 0.14327 0.202773 0.191817 0.195072 1 0.14327 0.202773 0.191817 0.195072 1 0.036098 0 0.146232 0 0.566299 0 0.966141 0 0.951229 0 
1 1 0 11.6588 0 40.5799 0.14327 0.20276 0.191817 0.195113 1 0.14327 0.20276 0.191817 0.195113 1 0.036034 0 0.146119 0 0.566481 0 0.96614 0 0.951229 0 
1 1 0 11.7588 0 40.5799 0.14327 0.202747 0.191817 0.195154 1 0.14327 0.202747 0.191817 0.195154 1 0.0359711 0 0.146009 0 0.566659 0 0.966139 0 0.951229 0 
1 1 0 11.8588 0 40.5799 0.14327 0.202734 0.191817 0.195194 1 0.14327 0.202734 0.191817 0.195194 1 0.0359093 0 0.145901 0 0.566835 0 0.966138 0 0.951229 0 
1 1 0 11.9588 0 40.5799 0.14327 0.202721 0.191817 0.195233 1 0.14327 0.202721 0.191817 0.195233 1 0.0358485 0 0.145795 0 0.567007 0 0.966138 0 0.951229 0 
1 1 0 12.0588 0 40.5799 0.14327 0.202709 0.191817 0.195272 1 0.14327 0.202709 0.191817 0.195272 1 0.0357888 0 0.145691 0 0.567176 0 0.966137 0 0.951229 0 
1 1 0 12.1588 0 40.5799 0.14327 0.202696 0.191817 0.19531 1 0.14327 0.202696 0.191817 0.19531 1 0.03573 0 0.14559 0 0.567342 0 0.966136 0 0.951229 0 
1 1 0 12.2588 0 40.5799 0.14327 0.202684 0.191817 0.195347 1 0.14327 0.202684 0.191817 0.195347 1 0.0356723 0 0.14549 0 0.567505 0 0.966135 0 0.951229 0 
1 1 0 12.3588 0 40.5799 0.14327 0.202672 0.191817 0.195384 1 0.14327 0.202672 0.191817 0.195384 1 0.0356154 0 0.145392 0 0.567665 0 0.966134 0 0.951229 0 
1 1 0 12.4588 0 40.5799 0.14327 0.202661 0.191817 0.19542 1 0.14327 0.202661 0.191817 0.19542 1 0.0355595 0 0.145296 0 0.567822 0 0.966133 0 0.951229 0 
1 1 0 12.5588 0 40.5799 0.14327 0.202649 0.191817 0.195456 1 0.14327 0.202649 0.191817 0.195456 1 0.0355045 0 0.145202 0 0.567977 0 0.966132 0 0.951229 0 
1 1 0 12.6588 0 40.5799 0.14327 0.202638 0.191817 0.195491 1 0.14327 0.202638 0.191817 0.195491 1 0.0354504 0 0.145109 0 0.568129 0 0.966132 0 0.951229 0 
1 1 0 12.7588 0 40.5799 0.14327 0.202627 0.191817 0.195525 1 0.14327 0.202627 0.191817 0.195525 1 0.0353972 0 0.145018 0 0.568278 0 0.966131 0 0.951229 0 
1 1 0 12.8588 0 40.5799 0.14327 0.202616 0.191817 0.195559 1 0.14327 0.202616 0.191817 0.195559 1 0.0353448 0 0.144929 0 0.568425 0 0.96613 0 0.951229 0 
1 1 0 12.9588 0 40.5799 0.14327 0.202605 0.191817 0.195593 1 0.14327 0.202605 0.191817 0.195593 1 0.0352932 0 0.144842 0 0.568569 0 0.966129 0 0.951229 0 
1 1 0 13.0588 0 40.5799 0.14327 0.202595 0.191817 0.195626 1 0.14327 0.202595 0.191817 0.195626 1 0.0352424 0 0.144756 0 0.568712 0 0.966129 0 0.951229 0 
1 1 0 13.1588 0 40.5799 0.14327 0.202584 0.191817 0.195658 1 0.14327 0.202584 0.191817 0.195658 1 0.0351924 0 0.144671 0 0.568851 0 0.966128 0 0.951229 0 
1 1 0 13.2588 0 40.5799 0.14327 0.202574 0.191817 0.19569 1 0.14327 0.202574 0.191817 0.19569 1 0.0351432 0 0.144588 0 0.568989 0 0.966127 0 0.951229 0 
1 1 0 13.3588 0 40.5799 0.14327 0.202564 0.191817 0.195722 1 0.14327 0.202564 0.191817 0.195722 1 0.0350947 0 0.144507 0 0.569124 0 0.966126 0 0.951229 0 
1 1 0 13.4588 0 40.5799 0.14327 0.202554 0.191817 0.195753 1 0.14327 0.202554 0.191817 0.195753 1 0.0350469 0 0.144427 0 0.569257 0 0.966126 0 0.951229 0 
1 1 0 13.5588 0 40.5799 0.14327 0.202544 0.191817 0.195784 1 0.14327 0.202544 0.191817 0.195784 1 0.0349999 0 0.144348 0 0.569388 0 0.966125 0 0.951229 0 
1 1 0 13.6588 0 40.5799 0.14327 0.202535 0.191817 0.195814 1 0.14327 0.202535 0.191817 0.195814 1 0.0349536 0 0.144271 0 0.569517 0 0.966124 0 0.951229 0 
1 1 0 13.7588 0 40.5799 0.14327 0.202525 0.191817 0.195844 1 0.14327 0.202525 0.191817 0.195844 1 0.0349079 0 0.144195 0 0.569644 0 0.966124 0 0.951229 0 
1 1 0 13.8588 0 40.5799 0.14327 0.202516 0.191817 0.195873 1 0.14327 0.202516 0.191817 0.195873 1 0.0348629 0 0.14412 0 0.569769 0 0.966123 0 0.951229 0 
1 1 0 13.9588 0 40.5799 0.14327 0.202507 0.191817 0.195902 1 0.14327 0.202507 0.191817 0.195902 1 0.0348186 0 0.144046 0 0.569892 0 0.966122 0 0.951229 0 
1 1 0 14.0588 0 40.5799 0.14327 0.202497 0.191817 0.195931 1 0.14327 0.202497 0.191817 0.195931 1 0.0347749 0 0.143974 0 0.570013 0 0.966122 0 0.951229 0 
1 1 0 14.1588 0 40.5799 0.14327 0.202488 0.191817 0.195959 1 0.14327 0.202488 0.191817 0.195959 1 0.0347319 0 0.143903 0 0.570132 0 0.966121 0 0.951229 0 
1 1 0 14.2588 0 40.5799 0.14327 0.20248 0.191817 0.195987 1 0.14327 0.20248 0.191817 0.195987 1 0.0346894 0 0.143833 0 0.57025 0 0.96612 0 0.951229 0 
1 1 0 14.3588 0 40.5799 0.14327 0.202471 0.191817 0.196014 1 0.14327 0.202471 0.191817 0.196014 1 0.0346476 0 0.143764 0 0.570365 0 0.96612 0 0.951229 0 
1 1 0 14.4588 0 40.5799 0.14327 0.202462 0.191817 0.196041 1 0.14327 0.202462 0.191817 0.196041 1 0.0346064 0 0.143696 0 0.570479 0 0.966119 0 0.951229 0 
1 1 0 14.5588 0 40.5799 0.14327 0.202454 0.191817 0.196068 1 0.14327 0.202454 0.191817 0.196068 1 0.0345657 0 0.14363 0 0.570592 0 0.966118 0 0.951229 0 
1 1 0 14.6588 0 40.5799 0.14327 0.202445 0.191817 0.196094 1 0.14327 0.202445 0.191817 0.196094 1 0.0345256 0 0.143564 0 0.570702 0 0.966118 0 0.951229 0 
1 1 0 14.7588 0 40.5799 0.14327 0.202437 0.191817 0.19612 1 0.14327 0.202437 0.191817 0.19612 1 0.034486 0 0.1435 0 0.570811 0 0.966117 0 0.951229 0 
1 1 0 14.8588 0 40.5799 0.14327 0.202429 0.191817 0.196146 1 0.14327 0.202429 0.191817 0.196146 1 0.034447 0 0.143436 0 0.570919 0 0.966117 0 0.951229 0 
1 1 0 14.9588 0 40.5799 0.14327 0.202421 0.191817 0.196171 1 0.14327 0.202421 0.191817 0.196171 1 0.0344086 0 0.143373 0 0.571025 0 0.966116 0 0.951229 0 
1 1 0 15.0588 0 40.5799 0.14327 0.202413 0.191817 0.196196 1 0.14327 0.202413 0.191817 0.196196 1 0.0343706 0 0.143312 0 0.57113 0 0.966116 0 0.951229 0 
1 1 0 15.1588 0 40.5799 0.14327 0.202405 0.191817 0.19622 1 0.14327 0.202405 0.191817 0.19622 1 0.0343332 0 0.143251 0 0.571233 0 0.966115 0 0.951229 0 
1 1 0 15.2588 0 40.5799 0.14327 0.202398 0.191817 0.196245 1 0.14327 0.202398 0.191817 0.196245 1 0.0342962 0 0.143191 0 0.571334 0 0.966114 0 0.951229 0 
1 1 0 15.3588 0 40.5799 0.14327 0.20239 0.191817 0.196269 1 0.14327 0.20239 0.191817 0.196269 1 0.0342597 0 0.143132 0 0.571434 0 0.966114 0 0.951229 0 
1 1 0 15.4588 0 40.5799 0.14327 0.202382 0.191817 0.196292 1 0.14327 0.202382 0.191817 0.196292 1 0.0342238 0 0.143074 0 0.571533 0 0.966113 0 0.951229 0 
1 1 0 15.5588 0 40.5799 0.14327 0.202375 0.191817 0.196316 1 0.14327 0.202375 0.191817 0.196316 1 0.0341883 0 0.143017 0 0.57163 0 0.966113 0 0.951229 0 
1 1 0 15.6588 0 40.5799 0.14327 0.202368 0.191817 0.196339 1 0.14327 0.202368 0.191817 0.196339 1 0.0341532 0 0.142961 0 0.571727 0 0.966112 0 0.951229 0 
1 1 0 15.7588 0 40.5799 0.14327 0.20236 0.191817 0.196362 1 0.14327 0.20236 0.191817 0.196362 1 0.0341186 0 0.142905 0 0.571821 0 0.966112 0 0.951229 0 
1 1 0 15.8588 0 40.5799 0.14327 0.202353 0.191817 0.196384 1 0.14327 0.202353 0.191817 0.196384 1 0.0340845 0 0.14285 0 0.571915 0 0.966111 0 0.951229 0 
1 1 0 15.9588 0 40.5799 0.14327 0.202346 0.191817 0.196406 1 0.14327 0.202346 0.191817 0.196406 1 0.0340508 0 0.142796 0 0.572007 0 0.966111 0 0.951229 0 
1 1 0 16.0588 0 40.5799 0.14327 0.202339 0.191817 0.196428 1 0.14327 0.202339 0.191817 0.196428 1 0.0340175 0 0.142743 0 0.572098 0 0.96611 0 0.951229 0 
1 1 0 16.1588 0 40.5799 0.14327 0.202332 0.191817 0.19645 1 0.14327 0.202332 0.191817 0.19645 1 0.0339846 0 0.142691 0 0.572188 0 0.96611 0 0.951229 0 
1 1 0 16.2588 0 40.5799 0.14327 0.202326 0.191817 0.196472 1 0.14327 0.202326 0.191817 0.196472 1 0.0339522 0 0.142639 0 0.572277 0 0.966109 0 0.951229 0 
1 1 0 16.3588 0 40.5799 0.14327 0.202319 0.191817 0.196493 1 0.14327 0.202319 0.191817 0.196493 1 0.0339201 0 0.142588 0 0.572364 0 0.966109 0 0.951229 0 
1 1 0 16.4588 0 40.5799 0.14327 0.202312 0.191817 0.196514 1 0.14327 0.202312 0.191817 0.196514 1 0.0338885 0 0.142538 0 0.572451 0 0.966108 0 0.951229 0 
1 1 0 16.5588 0 40.5799 0.14327 0.202306 0.191817 0.196534 1 0.14327 0.202306 0.191817 0.196534 1 0.0338572 0 0.142488 0 0.572536 0 0.966108 0 0.951229 0 
1 1 0 16.6588 0 40.5799 0.14327 0.202299 0.191817 0.196555 1 0.14327 0.202299 0.191817 0.196555 1 0.0338263 0 0.142439 0 0.57262 0 0.966107 0 0.951229 0 
1 1 0 16.7588 0 40.5799 0.14327 0.202293 0.191817 0.196575 1 0.14327 0.202293 0.191817 0.196575 1 0.0337958 0 0.142391 0 0.572703 0 0.966107 0 0.951229 0 
1 1 0 16.8588 0 40.5799 0.14327 0.202287 0.191817 0.196595 1 0.14327 0.202287 0.191817 0.196595 1 0.0337657 0 0.142343 0 0.572786 0 0.966107 0 0.951229 0 
1 1 0 16.9588 0 40.5799 0.14327 0.20228 0.191817 0.196615 1 0.14327 0.20228 0.191817 0.196615 1 0.0337359 0 0.142296 0 0.572867 0 0.966106 0 0.951229 0 
1 1 0 17.0588 0 40.5799 0.14327 0.202274 0.191817 0.196634 1 0.14327 0.202274 0.191817 0.196634 1 0.0337065 0 0.14225 0 0.572947 0 0.966106 0 0.951229 0 
1 1 0 17.1588 0 40.5799 0.14327 0.202268 0.191817 0.196654 1 0.14327 0.202268 0.191817 0.196654 1 0.0336774 0 0.142204 0 0.573026 0 0.966105 0 0.951229 0 
1 1 0 17.2588 0 40.5799 0.14327 0.202262 0.191817 0.196673 1 0.14327 0.202262 0.191817 0.196673 1 0.0336487 0 0.142159 0 0.573104 0 0.966105 0 0.951229 0 
1 1 0 17.3588 0 40.5799 0.14327 0.202256 0.191817 0.196691 1 0.14327 0.202256 0.191817 0.196691 1 0.0336203 0 0.142115 0 0.573181 0 0.966104 0 0.951229 0 
1 1 0 17.4588 0 40.5799 0.14327 0.20225 0.191817 0.19671 1 0.14327 0.20225 0.191817 0.19671 1 0.0335922 0 0.142071 0 0.573257 0 0.966104 0 0.951229 0 
1 1 0 17.5588 0 40.5799 0.14327 0.202245 0.191817 0.196729 1 0.14327 0.202245 0.191817 0.196729 1 0.0335645 0 0.142027 0 0.573333 0 0.966104 0 0.951229 0 
1 1 0 17.6588 0 40.5799 0.14327 0.202239 0.191817 0.196747 1 0.14327 0.202239 0.191817 0.196747 1 0.0335371 0 0.141984 0 0.573407 0 0.966103 0 0.951229 0 
1 1 0 17.7588 0 40.5799 0.14327 0.202233 0.191817 0.196765 1 0.14327 0.202233 0.191817 0.196765 1 0.03351 0 0.141942 0 0.573481 0 0.966103 0 0.951229 0 
1 1 0 17.8588 0 40.5799 0.14327 0.202228 0.191817 0.196783 1 0.14327 0.202228 0.191817 0.196783 1 0.0334832 0 0.1419 0 0.573553 0 0.966102 0 0.951229 0 
1 1 0 17.9588 0 40.5799 0.14327 0.202222 0.191817 0.1968 1 0.14327 0.202222 0.191817 0.1968 1 0.0334567 0 0.141859 0 0.573625 0 0.966102 0 0.951229 0 
1 1 0 18.0588 0 40.5799 0.14327 0.202217 0.191817 0.196818 1 0.14327 0.202217 0.191817 0.196818 1 0.0334305 0 0.141818 0 0.573696 0 0.966102 0 0.951229 0 
1 1 0 18.1588 0 40.5799 0.14327 0.202211 0.191817 0.196835 1 0.14327 0.202211 0.191817 0.196835 1 0.0334046 0 0.141778 0 0.573766 0 0.966101 0 0.951229 0 
1 1 0 18.2588 0 40.5799 0.14327 0.202206 0.191817 0.196852 1 0.14327 0.202206 0.191817 0.196852 1 0.033379 0 0.141738 0 0.573835 0 0.966101 0 0.951229 0 
1 1 0 18.3588 0 40.5799 0.14327 0.2022 0.191817 0.196869 1 0.14327 0.2022 0.191817 0.196869 1 0.0333537 0 0.141699 0 0.573904 0 0.9661 0 0.951229 0 
1 1 0 18.4588 0 40.5799 0.14327 0.202195 0.191817 0.196886 1 0.14327 0.202195 0.191817 0.196886 1 0.0333287 0 0.14166 0 0.573972 0 0.9661 0 0.951229 0 
1 1 0 18.5588 0 40.5799 0.14327 0.20219 0.191817 0.196902 1 0.14327 0.20219 0.191817 0.196902 1 0.0333039 0 0.141622 0 0.574039 0 0.9661 0 0.951229 0 
1 1 0 18.6588 0 40.5799 0.14327 0.202185 0.191817 0.196918 1 0.14327 0.202185 0.191817 0.196918 1 0.0332794 0 0.141584 0 0.574105 0 0.966099 0 0.951229 0 
1 1 0 18.7588 0 40.5799 0.14327 0.20218 0.191817 0.196935 1 0.14327 0.20218 0.191817 0.196935 1 0.0332552 0 0.141547 0 0.57417 0 0.966099 0 0.951229 0 
1 1 0 18.8588 0 40.5799 0.14327 0.202175 0.191817 0.196951 1 0.14327 0.202175 0.191817 0.196951 1 0.0332312 0 0.14151 0 0.574235 0 0.966099 0 0.951229 0 
1 1 0 18.9588 0 40.5799 0.14327 0.20217 0.191817 0.196966 1 0.14327 0.20217 0.191817 0.196966 1 0.0332075 0 0.141473 0 0.574299 0 0.966098 0 0.951229 0 
1 1 0 19.0588 0 40.5799 0.14327 0.202165 0.191817 0.196982 1 0.14327 0.202165 0.191817 0.196982 1 0.033184 0 0.141437 0 0.574363 0 0.966098 0 0.951229 0 
1 1 0 19.1588 0 40.5799 0.14327 0.20216 0.191817 0.196998 1 0.14327 0.20216 0.191817 0.196998 1 0.0331608 0 0.141401 0 0.574425 0 0.966097 0 0.951229 0 
1 1 0 19.2588 0 40.5799 0.14327 0.202155 0.191817 0.197013 1 0.14327 0.202155 0.191817 0.197013 1 0.0331378 0 0.141366 0 0.574487 0 0.966097 0 0.951229 0 
1 1 0 19.3588 0 40.5799 0.14327 0.20215 0.191817 0.197028 1 0.14327 0.20215 0.191817 0.197028 1 0.0331151 0 0.141331 0 0.574548 0 0.966097 0 0.951229 0 
1 1 0 19.4588 0 40.5799 0.14327 0.202146 0.191817 0.197043 1 0.14327 0.202146 0.191817 0.197043 1 0.0330926 0 0.141297 0 0.574609 0 0.966096 0 0.951229 0 
1 1 0 19.5588 0 40.5799 0.14327 0.202141 0.191817 0.197058 1 0.14327 0.202141 0.191817 0.197058 1 0.0330704 0 0.141263 0 0.574669 0 0.966096 0 0.951229 0 
1 1 0 19.6588 0 40.5799 0.14327 0.202136 0.191817 0.197073 1 0.14327 0.202136 0.191817 0.197073 1 0.0330484 0 0.141229 0 0.574728 0 0.966096 0 0.951229 0 
1 1 0 19.7588 0 40.5799 0.14327 0.202132 0.191817 0.197088 1 0.14327 0.202132 0.191817 0.197088 1 0.0330266 0 0.141196 0 0.574787 0 0.966095 0 0.951229 0 
1 1 0 19.8588 0 40.5799 0.14327 0.202127 0.191817 0.197102 1 0.14327 0.202127 0.191817 0.197102 1 0.033005 0 0.141163 0 0.574845 0 0.966095 0 0.951229 0 
1 1 0 19.9588 0 40.5799 0.14327 0.202123 0.191817 0.197116 1 0.14327 0.202123 0.191817 0.197116 1 0.0329836 0 0.14113 0 0.574902 0 0.966095 0 0.951229 0 
1 1 0 20.0588 0 40.5799 0.14327 0.202118 0.191817 0.19713 1 0.14327 0.202118 0.191817 0.19713 1 0.0329625 0 0.141098 0 0.574959 0 0.966094 0 0.951229 0 
1 1 0 20.1588 0 40.5799 0.14327 0.202114 0.191817 0.197144 1 0.14327 0.202114 0.191817 0.197144 1 0.0329416 0 0.141066 0 0.575016 0 0.966094 0 0.951229 0 
1 1 0 20.2588 0 40.5799 0.14327 0.20211 0.191817 0.197158 1 0.14327 0.20211 0.191817 0.197158 1 0.0329209 0 0.141035 0 0.575071 0 0.966094 0 0.951229 0 
1 1 0 20.3588 0 40.5799 0.14327 0.202105 0.191817 0.197172 1 0.14327 0.202105 0.191817 0.197172 1 0.0329004 0 0.141004 0 0.575126 0 0.966094 0 0.951229 0 
1 1 0 20.4588 0 40.5799 0.14327 0.202101 0.191817 0.197186 1 0.14327 0.202101 0.191817 0.197186 1 0.0328801 0 0.140973 0 0.575181 0 0.966093 0 0.951229 0 
1 1 0 20.5588 0 40.5799 0.14327 0.202097 0.191817 0.197199 1 0.14327 0.202097 0.191817 0.197199 1 0.03286 0 0.140942 0 0.575235 0 0.966093 0 0.951229 0 
1 1 0 20.6588 0 40.5799 0.14327 0.202093 0.191817 0.197213 1 0.14327 0.202093 0.191817 0.197213 1 0.0328401 0 0.140912 0 0.575288 0 0.966093 0 0.951229 0 
1 1 0 20.7588 0 40.5799 0.14327 0.202089 0.191817 0.197226 1 0.14327 0.202089 0.191817 0.197226 1 0.0328204 0 0.140882 0 0.575341 0 0.966092 0 0.951229 0 
1 1 0 20.8588 0 40.5799 0.14327 0.202084 0.191817 0.197239 1 0.14327 0.202084 0.191817 0.197239 1 0.0328009 0 0.140853 0 0.575394 0 0.966092 0 0.951229 0 
1 1 0 20.9588 0 40.5799 0.14327 0.20208 0.191817 0.197252 1 0.14327 0.20208 0.191817 0.197252 1 0.0327815 0 0.140824 0 0.575445 0 0.966092 0 0.951229 0 
1 1 0 21.0588 0 40.5799 0.14327 0.202076 0.191817 0.197265 1 0.14327 0.202076 0.191817 0.197265 1 0.0327624 0 0.140795 0 0.575497 0 0.966091 0 0.951229 0 
1 1 0 21.1588 0 40.5799 0.14327 0.202072 0.191817 0.197278 1 0.14327 0.202072 0.191817 0.197278 1 0.0327434 0 0.140766 0 0.575548 0 0.966091 0 0.951229 0 
1 1 0 21.2588 0 40.5799 0.14327 0.202068 0.191817 0.19729 1 0.14327 0.202068 0.191817 0.19729 1 0.0327247 0 0.140738 0 0.575598 0 0.966091 0 0.951229 0 
1 1 0 21.3588 0 40.5799 0.14327 0.202065 0.191817 0.197303 1 0.14327 0.202065 0.191817 0.197303 1 0.0327061 0 0.14071 0 0.575648 0 0.966091 0 0.951229 0 
1 1 0 21.4588 0 40.5799 0.14327 0.202061 0.191817 0.197315 1 0.14327 0.202061 0.191817 0.197315 1 0.0326877 0 0.140682 0 0.575697 0 0.96609 0 0.951229 0 
1 1 0 21.5588 0 40.5799 0.14327 0.202057 0.191817 0.197327 1 0.14327 0.202057 0.191817 0.197327 1 0.0326694 0 0.140655 0 0.575746 0 0.96609 0 0.951229 0 
1 1 0 21.6588 0 40.5799 0.14327 0.202053 0.191817 0.19734 1 0.14327 0.202053 0.191817 0.19734 1 0.0326514 0 0.140628 0 0.575794 0 0.96609 0 0.951229 0 
1 1 0 21.7588 0 40.5799 0.14327 0.202049 0.191817 0.197352 1 0.14327 0.202049 0.191817 0.197352 1 0.0326335 0 0.140601 0 0.575842 0 0.96609 0 0.951229 0 
1 1 0 21.8588 0 40.5799 0.14327 0.202046 0.191817 0.197364 1 0.14327 0.202046 0.191817 0.197364 1 0.0326157 0 0.140574 0 0.57589 0 0.966089 0 0.951229 0 
1 1 0 21.9588 0 40.5799 0.14327 0.202042 0.191817 0.197375 1 0.14327 0.202042 0.191817 0.197375 1 0.0325981 0 0.140548 0 0.575937 0 0.966089 0 0.951229 0 
1 1 0 22.0588 0 40.5799 0.14327 0.202038 0.191817 0.197387 1 0.14327 0.202038 0.191817 0.197387 1 0.0325807 0 0.140522 0 0.575983 0 0.966089 0 0.951229 0 
1 1 0 22.1588 0 40.5799 0.14327 0.202035 0.191817 0.197399 1 0.14327 0.202035 0.191817 0.197399 1 0.0325635 0 0.140496 0 0.576029 0 0.966088 0 0.951229 0 
1 1 0 22.2588 0 40.5799 0.14327 0.202031 0.191817 0.19741 1 0.14327 0.202031 0.191817 0.19741 1 0.0325464 0 0.14047 0 0.576075 0 0.966088 0 0.951229 0 
1 1 0 22.3588 0 40.5799 0.14327 0.202027 0.191817 0.197422 1 0.14327 0.202027 0.191817 0.197422 1 0.0325295 0 0.140445 0 0.57612 0 0.966088 0 0.951229 0 
1 1 0 22.4588 0 40.5799 0.14327 0.202024 0.191817 0.197433 1 0.14327 0.202024 0.191817 0.197433 1 0.0325127 0 0.14042 0 0.576165 0 0.966088 0 0.951229 0 
1 1 0 22.5588 0 40.5799 0.14327 0.20202 0.191817 0.197444 1 0.14327 0.20202 0.191817 0.197444 1 0.032496 0 0.140395 0 0.57621 0 0.966087 0 0.951229 0 
1 1 0 22.6588 0 40.5799 0.14327 0.202017 0.191817 0.197456 1 0.14327 0.202017 0.191817 0.197456 1 0.0324796 0 0.140371 0 0.576254 0 0.966087 0 0.951229 0 
1 1 0 22.7588 0 40.5799 0.14327 0.202013 0.191817 0.197467 1 0.14327 0.202013 0.191817 0.197467 1 0.0324632 0 0.140346 0 0.576297 0 0.966087 0 0.951229 0 
1 1 0 22.8588 0 40.5799 0.14327 0.20201 0.191817 0.197477 1 0.14327 0.20201 0.191817 0.197477 1 0.032447 0 0.140322 0 0.576341 0 0.966087 0 0.951229 0 
1 1 0 22.9588 0 40.5799 0.14327 0.202007 0.191817 0.197488 1 0.14327 0.202007 0.191817 0.197488 1 0.032431 0 0.140298 0 0.576383 0 0.966086 0 0.951229 0 
1 1 0 23.0588 0 40.5799 0.14327 0.202003 0.191817 0.197499 1 0.14327 0.202003 0.191817 0.197499 1 0.0324151 0 0.140275 0 0.576426 0 0.966086 0 0.951229 0 
1 1 0 23.1588 0 40.5799 0.14327 0.202 0.191817 0.19751 1 0.14327 0.202 0.191817 0.19751 1 0.0323993 0 0.140251 0 0.576468 0 0.966086 0 0.951229 0 
1 1 0 23.2588 0 40.5799 0.14327 0.201997 0.191817 0.19752 1 0.14327 0.201997 0.191817 0.19752 1 0.0323837 0 0.140228 0 0.57651 0 0.966086 0 0.951229 0 
1 1 0 23.3588 0 40.5799 0.14327 0.201993 0.191817 0.197531 1 0.14327 0.201993 0.191817 0.197531 1 0.0323682 0 0.140205 0 0.576551 0 0.966086 0 0.951229 0 
1 1 0 23.4588 0 40.5799 0.14327 0.20199 0.191817 0.197541 1 0.14327 0.20199 0.191817 0.197541 1 0.0323528 0 0.140182 0 0.576592 0 0.966085 0 0.951229 0 
1 1 0 23.5588 0 40.5799 0.14327 0.201987 0.191817 0.197552 1 0.14327 0.201987 0.191817 0.197552 1 0.0323376 0 0.14016 0 0.576632 0 0.966085 0 0.951229 0 
1 1 0 23.6588 0 40.5799 0.14327 0.201984 0.191817 0.197562 1 0.14327 0.201984 0.191817 0.197562 1 0.0323225 0 0.140137 0 0.576673 0 0.966085 0 0.951229 0 
1 1 0 23.7588 0 40.5799 0.14327 0.201981 0.191817 0.197572 1 0.14327 0.201981 0.191817 0.197572 1 0.0323076 0 0.140115 0 0.576713 0 0.966085 0 0.951229 0 
1 1 0 23.8588 0 40.5799 0.14327 0.201978 0.191817 0.197582 1 0.14327 0.201978 0.191817 0.197582 1 0.0322927 0 0.140093 0 0.576752 0 0.966084 0 0.951229 0 
1 1 0 23.9588 0 40.5799 0.14327 0.201974 0.191817 0.197592 1 0.14327 0.201974 0.191817 0.197592 1 0.032278 0 0.140071 0 0.576791 0 0.966084 0 0.951229 0 
1 1 0 24.0588 0 40.5799 0.14327 0.201971 0.191817 0.197602 1 0.14327 0.201971 0.191817 0.197602 1 0.0322634 0 0.14005 0 0.57683 0 0.966084 0 0.951229 0 
1 1 0 24.1588 0 40.5799 0.14327 0.201968 0.191817 0.197612 1 0.14327 0.201968 0.191817 0.197612 1 0.032249 0 0.140028 0 0.576869 0 0.966084 0 0.951229 0 
1 1 0 24.2588 0 40.5799 0.14327 0.201965 0.191817 0.197621 1 0.14327 0.201965 0.191817 0.197621 1 0.0322346 0 0.140007 0 0.576907 0 0.966084 0 0.951229 0 
1 1 0 24.3588 0 40.5799 0.14327 0.201962 0.191817 0.197631 1 0.14327 0.201962 0.191817 0.197631 1 0.0322204 0 0.139986 0 0.576945 0 0.966083 0 0.951229 0 
1 1 0 24.4588 0 40.5799 0.14327 0.201959 0.191817 0.197641 1 0.14327 0.201959 0.191817 0.197641 1 0.0322063 0 0.139966 0 0.576982 0 0.966083 0 0.951229 0 
1 1 0 24.5588 0 40.5799 0.14327 0.201956 0.191817 0.19765 1 0.14327 0.201956 0.191817 0.19765 1 0.0321923 0 0.139945 0 0.577019 0 0.966083 0 0.951229 0 
1 1 0 24.6588 0 40.5799 0.14327 0.201953 0.191817 0.197659 1 0.14327 0.201953 0.191817 0.197659 1 0.0321784 0 0.139925 0 0.577056 0 0.966083 0 0.951229 0 
1 1 0 24.7588 0 40.5799 0.14327 0.201951 0.191817 0.197669 1 0.14327 0.201951 0.191817 0.197669 1 0.0321647 0 0.139904 0 0.577093 0 0.966082 0 0.951229 0 
1 1 0 24.8588 0 40.5799 0.14327 0.201948 0.191817 0.197678 1 0.14327 0.201948 0.191817 0.197678 1 0.032151 0 0.139884 0 0.577129 0 0.966082 0 0.951229 0 
1 1 0 24.9588 0 40.5799 0.14327 0.201945 0.191817 0.197687 1 0.14327 0.201945 0.191817 0.197687 1 0.0321375 0 0.139864 0 0.577165 0 0.966082 0 0.951229 0 
1 1 0 25.0588 0 40.5799 0.14327 0.201942 0.191817 0.197696 1 0.14327 0.201942 0.191817 0.197696 1 0.0321241 0 0.139845 0 0.577201 0 0.966082 0 0.951229 0 
4 -2 0 0.0256681 0.0256681 62.6379 0.0877314 3.43116 0.62798 0.0103052 1 0.0877314 3.43116 0.62798 0.0103052 1 0.0321241 0 0.139845 0 0.577201 0 0.966082 0 0.951229 0 
4 -2 0 0.0256362 0.0256362 67.9972 0.0899402 3.43632 0.629472 0.0105905 1 0.0855841 3.42332 0.624846 0.00999886 1 1 0 1.07991 0 0.571389 0 -4.87346e-05 0 0.0333942 0 
4 -2 0 0.0256293 0.0256293 80.6286 0.0918784 3.43749 0.629543 0.0108445 1 0.0838732 3.41058 0.619972 0.00975864 1 1 0 1.23281 0 0.579485 0 -0.000226316 0 0.0178027 0 
3 -2 0 0.0256287 0.0256287 87.5361 0.0926979 3.43769 0.629448 0.0109515 1 0.083178 3.40369 0.617358 0.00966104 1 1 0 0.947919 0.0518115 0.947919 -0.0518115 -7.28704e-08 0 0.0125655 0 
4 -2 0 0.0256302 0.0256302 103.207 0.0943965 3.43797 0.629156 0.0111721 1 0.0817861 3.38679 0.61097 0.00946515 1 1 0 -20.2967 0 -0.0796221 0 3.63079e-09 0 0.00573973 0 
4 -2 0 0.0256327 0.0256327 118.561 0.0960015 3.43823 0.628812 0.0113781 1 0.0805315 3.36791 0.603847 0.00928743 1 1 0 -1939.7 0 -0.00154113 0 1.45514e-08 0 0.00266362 0 
4 -2 0 0.0256356 0.0256356 133.564 0.0975765 3.43853 0.628422 0.0115776 1 0.0793559 3.34699 0.595952 0.00911976 1 1 0 -92613.2 0 -2.49442e-05 0 3.0073e-10 0 0.001258 0 
4 -2 0 0.0256389 0.0256389 148.355 0.0991618 3.43887 0.627981 0.0117757 1 0.078226 3.32385 0.58722 0.0089576 1 0.999965 0 17.4784 0 0.0013222 0 3.19445e-10 0 0.000535311 0 
4 -2 0 0.025644 0.025644 168.083 0.101357 3.43939 0.627299 0.0120456 1 0.0767461 3.28895 0.574048 0.00874379 1 1 0 140018 0 0.00022395 0 6.37805e-08 0 7.77879e-13 0 
4 -2 0 0.0256498 0.0256498 187.305 0.103616 3.43999 0.626519 0.0123179 1 0.0753206 3.25032 0.559463 0.00853639 1 0.999971 0 21.639 0 0.00057721 0 7.37381e-16 0 7.68097e-05 0 
4 -2 0 0.0256496 0.0256496 186.418 0.103508 3.43996 0.626557 0.0123051 1 0.0753862 3.25221 0.560176 0.00854597 1 1 0 1.4622e+06 0 8.95334e-05 0 7.99358e-09 0 1.01286e-15 0 
4 -2 0 0.0256685 0.0256685 234.427 0.10989 3.44194 0.624041 0.013045 1 0.0718337 3.13495 0.51579 0.00802377 1 1 0 11014 0 8.95085e-08 0 -6.10611e-19 0 8.16614e-06 0 
4 -2 0 0.0256879 0.0256879 270.674 0.115824 3.44402 0.621473 0.013693 1 0.0691019 3.02379 0.473471 0.0076176 1 1 0 4.41543e+06 0 1.32544e-06 0 2.67463e-11 0 -7.87939e-19 0 
4 -2 0 0.0257318 0.0257318 328.568 0.129384 3.44885 0.61574 0.0150308 1 0.0644906 2.79483 0.385054 0.00692518 1 0.999869 0 23.7412 0 -5.20256e-07 0 7.3656e-08 0 4.93547e-19 0 
4 -2 0 0.0257847 0.0257847 374.354 0.150054 3.45502 0.608905 0.016716 1 0.0603781 2.54591 0.285358 0.00630337 1 0.999999 0 18574.7 0 5.8102e-09 0 -1.55148e-09 0 -3.68324e-19 0 
4 -2 0 0.0258179 0.0258179 393.743 0.168589 3.4591 0.604664 0.0179177 1 0.0583836 2.40938 0.226576 0.00600185 1 0.999995 0 3954.74 0 -1.14745e-08 0 1.28004e-09 0 -1.93527e-19 0 
4 -2 0 0.025818 0.025818 393.78 0.16864 3.45911 0.604654 0.0179207 1 0.0583796 2.40909 0.226444 0.00600124 1 1 0 -92394.8 0 3.17296e-09 0 1.9801e-10 0 1.35551e-19 0 
4 -2 0 0.0258416 0.0258416 403.599 0.186499 3.46212 0.601653 0.0188545 1 0.0572788 2.32936 0.187937 0.0058357 1 0.999998 0 29711.5 0 -1.90128e-09 0 1.03836e-09 0 3.27347e-19 0 
4 -2 0 0.0258591 0.0258591 408.804 0.203249 3.46441 0.599437 0.0195698 1 0.0566737 2.28443 0.162168 0.00574563 1 1.00002 0 -6024.3 0 1.66675e-08 0 6.27894e-10 0 -4.80376e-20 0 
4 -2 0 0.0258892 0.0258892 413.774 0.239317 3.46847 0.595648 0.0207135 1 0.0561343 2.24477 0.125771 0.00566838 1 0.998916 0 1627.69 0 -4.62475e-07 0 7.76729e-10 0 1.42397e-19 0 
4 -2 0 0.0259045 0.0259045 414.58 0.259808 3.4706 0.59373 0.0211846 1 0.056103 2.2437 0.111423 0.00566681 1 0.999829 0 194060 0 -3.13686e-08 0 1.09288e-09 0 -2.55791e-20 0 
4 -2 0 0.0259151 0.0259151 414.571 0.274011 3.47209 0.592403 0.021454 1 0.0561632 2.2495 0.102962 0.00567844 1 1.00175 0 -592.548 0 1.83055e-07 0 1.75183e-09 0 2.29443e-19 0 
4 -2 0 0.0259201 0.0259201 414.424 0.280628 3.47281 0.591771 0.0215661 1 0.0562116 2.25383 0.099316 0.00568704 1 1.00001 0 -89623.1 0 7.28092e-10 8.3441e-10 7.28092e-10 -8.3441e-10 4.66834e-19 0 
4 -2 0 0.0259422 0.0259422 412.849 0.308382 3.47606 0.589011 0.0219576 1 0.0565451 2.28241 0.0854869 0.00574377 1 1.00326 0 -80.5963 0 -1.65069e-08 7.25746e-09 -1.65069e-08 -7.25746e-09 6.56023e-20 0 
4 -2 0 0.0259692 0.0259692 409.239 0.338559 3.48014 0.585646 0.0222682 1 0.0571401 2.33167 0.0722466 0.0058424 1 0.999921 0 786.292 0 1.24788e-08 0 -4.91514e-10 0 2.90413e-20 0 
4 -2 0 0.0259948 0.0259948 404.407 0.363656 3.48419 0.582463 0.0224578 1 0.0578244 2.38694 0.0621739 0.00595494 1 1 0 -34893.3 0 1.47606e-09 0 1.80417e-11 0 1.31102e-19 0 
4 -2 0 0.0260406 0.0260406 392.782 0.40169 3.49185 0.576776 0.0226565 1 0.0592267 2.49658 0.048215 0.00618468 1 0.999983 0 1188.44 0 3.47159e-09 0 7.04174e-10 0 7.12454e-20 0 
4 -2 0 0.026087 0.026087 377.513 0.433105 3.50027 0.571006 0.0227618 1 0.0607824 2.61327 0.0378691 0.00643931 1 1.00002 0 -619.598 0 8.96067e-09 0 -1.2882e-09 0 -4.53443e-21 0 
4 -2 0 0.0261355 0.0261355 358.195 0.459975 3.50989 0.564941 0.0228233 1 0.06248 2.73538 0.0299677 0.00671725 1 1 0 -2.44128e+06 0 1.66701e-08 0 -3.41452e-13 0 -1.18325e-19 0 
4 -2 0 0.0262235 0.0262235 315.406 0.496603 3.53006 0.553746 0.022885 1 0.0655951 2.94746 0.0207569 0.00722758 1 1.00005 0 -275.79 0 1.5361e-07 0 -2.10241e-09 0 1.48174e-20 0 
4 -2 0 0.0263147 0.0263147 259.942 0.521186 3.55626 0.54163 0.0229334 1 0.0687547 3.14964 0.0155742 0.00774503 1 1 0 14731.4 0 2.26684e-06 0 1.32621e-11 0 -5.5084e-20 0 
3 -2 0 0.0265358 0.0265358 186.667 0.528857 3.58518 0.516705 0.0230953 1 0.0715039 3.31669 0.0136535 0.00823579 1 0.998 0 0.0653788 0 8.76611e-05 0 -1.50981e-20 0 -4.35987e-08 0 
4 -2 0 0.0309277 0.0309277 109.568 0.535028 3.54858 0.405191 0.0264002 1 0.0718951 3.33537 0.0105125 0.00960416 1 0.81539 0 0.211176 0 0.0034962 0 -2.67241e-18 0 -4.38122e-05 0 
3 -2 0 0.0325142 0.0325142 98.331 0.537879 3.53235 0.379535 0.0275615 1 0.0717471 3.32499 0.00964997 0.0100449 1 1.00035 0 0.272671 0 0.00732433 0 2.13787e-19 0 7.11703e-07 0 
3 -2 0 0.0342942 0.0342942 88.6376 0.541052 3.51398 0.354971 0.0288455 1 0.0715493 3.31135 0.00881848 0.0105274 1 1.0161 0 0.300433 0 0.0118999 0 9.06106e-20 0 3.26333e-05 0 
3 -2 0 0.0372629 0.0372629 76.6893 0.54619 3.48344 0.321309 0.0309431 1 0.0711814 3.28623 0.00768568 0.01131 1 1.04554 0 0.338005 0 0.0216708 0 9.59185e-05 0 4.71246e-19 0 
3 -2 0 0.0423127 0.0423127 63.1935 0.554362 3.43263 0.278364 0.0343915 1 0.07052 3.24099 0.00627407 0.01259 1 1.00079 0 0.390682 0 0.0424406 0 1.54091e-06 0 -1.59035e-19 0 
3 -2 0 0.0485493 0.0485493 52.6772 0.563479 3.3726 0.240946 0.0384552 1 0.0697086 3.18478 0.00509413 0.0140975 1 1.00123 0 0.43319 0 0.0718033 0 2.45828e-06 0 -4.29031e-19 0 
3 -2 0 0.0561139 0.0561139 44.5142 0.573272 3.30405 0.20934 0.0431177 1 0.068773 3.11861 0.00414505 0.0158349 1 1.00084 0 0.468069 0 0.107993 0 3.68749e-06 0 1.266e-16 0 
3 -2 0 0.0652204 0.0652204 38.1602 0.583563 3.2272 0.183119 0.0483779 1 0.0677303 3.04276 0.00339572 0.0178128 1 1.00053 0 0.494991 0 0.148378 0 3.60226e-06 0 3.7078e-14 0 
3 -2 0 0.0761006 0.0761006 33.2308 0.594196 3.14202 0.161786 0.0542101 1 0.0665935 2.95702 0.00281028 0.0200344 1 1.00031 0 0.513139 0 0.189848 0 2.46779e-06 0 3.28782e-12 0 
3 -2 0 0.0888846 0.0888846 29.4961 0.605015 3.0484 0.145061 0.060506 1 0.0653741 2.86077 0.00235734 0.0224682 1 1.00018 0 0.519465 0 0.228824 0 1.67361e-06 0 1.02902e-10 0 
3 -2 0 0.101977 0.101977 27.0822 0.614932 2.95535 0.134048 0.0664052 1 0.0641959 2.76241 0.00203825 0.0247686 1 1.00008 0 0.504988 0 0.258177 0 3.29989e-07 0 1.86691e-09 0 
3 -2 0 0.113873 0.113873 25.9179 0.623917 2.86433 0.128851 0.0713377 1 0.0630796 2.66211 0.00181645 0.0266523 1 1.00005 0 0.427033 0 0.273656 0 2.30902e-09 0 1.08691e-06 0 
3 -2 0 0.12181 0.12181 26.2674 0.632067 2.77712 0.13118 0.0744108 1 0.0621239 2.56107 0.00167117 0.0276911 1 0.99582 0 0.269074 0 -0.428147 0 3.9917e-08 0 0.000106543 0 
4 -2 0 0.126369 0.126369 27.6797 0.639888 2.69146 0.139335 0.0760869 1 0.0617689 2.46845 0.00156575 0.0283629 1 0.999206 0 20.2299 0 0.250786 0 -0.00141696 0 3.93912e-09 0 
4 -2 0 0.131097 0.131097 29.3387 0.647878 2.60016 0.149206 0.0777742 1 0.0632259 2.38307 0.00146756 0.0301561 1 0.999763 0 440.868 0 0.230804 0 -5.59494e-07 0 0.000459065 0 
4 -2 0 0.136617 0.136617 29.5763 0.649317 2.4961 0.151869 0.0797079 1 0.0692582 2.28666 0.0014538 0.0349159 1 0.967176 0 14619.8 0 0.218951 0 -5.68706e-05 0.00101626 -5.68706e-05 -0.00101626 
4 -2 0 0.139459 0.139459 28.8033 0.646232 2.44329 0.148625 0.0806909 1 0.0715773 2.23762 0.00149412 0.036901 1 0.999074 0 71878.3 0 -0.208647 0 6.06525e-07 0 0.236646 0 
4 -2 0 0.14238 0.14238 27.9289 0.642545 2.39096 0.14481 0.0816867 1 0.0734157 2.18891 0.00154342 0.0386214 1 0.999999 0 4.23658e+07 0 -0.249601 0 1.07921e-09 0 0.247475 0 
4 -2 0 0.145728 0.145728 26.9468 0.638162 2.33363 0.140437 0.0828084 1 0.0751246 2.13536 0.00160443 0.0403628 1 0.999935 0 944197 0 -0.289593 0 4.90903e-08 0 0.259908 0 
4 -2 0 0.151059 0.151059 25.5181 0.631272 2.248 0.133962 0.0845519 1 0.0773003 2.05501 0.00170564 0.042822 1 0.999993 0 8.05894e+06 0 -0.357125 0 6.33027e-09 0 0.279172 0 
4 -2 0 0.158108 0.158108 23.925 0.622726 2.14473 0.126606 0.0867791 1 0.0795161 1.95752 0.00184145 0.0456921 1 1.00013 0 -404679 0 -0.451788 0 -1.28005e-07 0 0.302364 0 
4 -2 0 0.165938 0.165938 22.5137 0.614176 2.04198 0.119979 0.0891522 1 0.0813861 1.85986 0.00199004 0.048531 1 1 0 3.17672e+08 0 -0.590089 0 1.92127e-10 0 0.324431 0 
4 -2 0 0.174723 0.174723 21.2867 0.60573 1.93972 0.114137 0.0916961 1 0.0829654 1.76206 0.00215115 0.0513971 1 1 0 3.42241e+08 0 -0.739155 0 1.7899e-10 0 0.344958 0 
4 -2 0 0.184684 0.184684 20.2328 0.597421 1.83795 0.109063 0.0944382 1 0.0842796 1.66415 0.00232586 0.0543363 1 1 0 7.39128e+08 0 -0.913717 0 8.82732e-11 0 0.363622 0 
4 -2 0 0.189495 0.189495 19.8207 0.593811 1.79343 0.107065 0.0957118 1 0.0847767 1.62116 0.00240745 0.0556607 1 1 0 -4.16221e+09 0 -0.99882 0 6.27746e-13 0 0.371193 0 
4 -2 0 0.201652 0.201652 18.9851 0.585619 1.69236 0.102995 0.0987921 1 0.0857342 1.52322 0.00260713 0.0587825 1 1.00025 0 -269227 0 -1.20687 0 -1.85612e-07 0 0.387043 0 
4 -2 0 0.215793 0.215793 18.2777 0.577368 1.59181 0.0995325 0.102147 1 0.0864572 1.42536 0.00283132 0.0620889 1 1 0 -1.97815e+08 0 -1.46359 0 -1.68032e-10 0 0.400964 0 
4 -2 0 0.232404 0.232404 17.6803 0.568872 1.49187 0.0966074 0.105806 1 0.0869572 1.32773 0.0030905 0.0656307 1 1 0 -1.35966e+08 0 -1.76167 0 -1.64641e-10 0 0.41312 0 
4 -2 0 0.252085 0.252085 17.1781 0.559885 1.39268 0.0941605 0.109792 1 0.0872479 1.23054 0.00340043 0.0694595 1 1 0 -7.52181e+07 0 -2.13756 0 -1.87183e-10 0 0.423626 0 
4 -2 0 0.275544 0.275544 16.761 0.550095 1.29452 0.092159 0.114115 1 0.0873466 1.13407 0.00378589 0.0736212 1 1 0 -4.80582e+07 0 -2.65478 0 -1.17028e-10 0 0.432554 0 
4 -2 0 0.303543 0.303543 16.4268 0.539124 1.19775 0.0906137 0.11875 1 0.0872762 1.03869 0.00428517 0.0781417 1 1 0 -2.72677e+07 0 -3.45981 0 -1.84316e-11 0 0.439842 0 
4 -2 0 0.336727 0.336727 16.1851 0.526538 1.1029 0.0896042 0.123623 1 0.0870688 0.944838 0.00495872 0.0830022 1 1 0 -1.36034e+07 0 -4.94685 0 1.17202e-10 0 0.44519 0 
4 -2 0 0.375284 0.375284 16.0623 0.511849 1.01051 0.0893136 0.128587 1 0.0867668 0.852911 0.00590527 0.0881091 1 1 0 -5.64227e+06 0 -8.49852 0 2.49874e-10 0 0.447932 0 
4 -2 0 0.418512 0.418512 16.1084 0.494517 0.920911 0.0900712 0.133423 1 0.0864169 0.762916 0.00729125 0.0932735 1 1 0 -1.70622e+06 0 -20.6308 0 2.71773e-10 0 0.446899 0 
4 -2 0 0.464821 0.464821 16.4019 0.473958 0.833983 0.0923851 0.137906 1 0.0860401 0.674232 0.00940609 0.098247 1 1 0 -1.26359e+06 0 -20.4312 0 3.44726e-11 0 0.440389 0 
4 -2 0 0.513968 0.513968 17.02 0.449946 0.750187 0.0967656 0.142015 1 0.0855349 0.586637 0.0126931 0.10291 1 1 0 -5.12366e+06 0 -2.6263 0 -7.56396e-10 0 0.426987 0 
4 -2 0 0.574259 0.574259 17.8476 0.424263 0.674227 0.102604 0.146323 1 0.0845599 0.504936 0.0173784 0.107729 1 1.00002 0 -3.07402e+06 0 -0.399007 0 -8.45091e-09 0 0.409682 0 
4 -2 0 0.657988 0.657988 18.3869 0.401826 0.616061 0.107112 0.151316 1 0.0830125 0.441889 0.0224774 0.113312 1 0.999997 0 -1.64277e+07 0 -0.0760663 0 1.91078e-09 0 0.398783 0 
4 -2 0 0.752742 0.752742 18.4339 0.385161 0.577507 0.109107 0.155933 1 0.0815624 0.401799 0.0267874 0.118777 1 1.00007 0 -527899 0 -0.0212511 0 -7.81832e-08 0 0.397841 0 
4 -2 0 0.849134 0.849134 18.2067 0.371172 0.548364 0.109951 0.15978 1 0.0805118 0.373902 0.0307764 0.123739 1 1 0 -467691 0 0.402388 0 -0.00854931 0 -9.72424e-10 0 
4 -2 0 0.945992 0.945992 17.8097 0.356819 0.521261 0.11066 0.162974 1 0.0799259 0.350635 0.03537 0.128342 1 1.00083 0 -11663.3 0 0.410426 0 -0.0063837 0 -2.91073e-06 0 
4 -2 0 1.04138 1.04138 17.1171 0.335804 0.485476 0.112608 0.165525 1 0.0802679 0.324261 0.0434008 0.132962 1 0.99997 0 -6437.12 0 0.424878 0 -0.00780584 0 9.53984e-07 0 
4 -2 0 1.05228 1.05228 16.9358 0.330477 0.476955 0.113381 0.165749 1 0.0805854 0.318695 0.0457368 0.133657 1 0.999999 0 -2053.43 0 0.428785 0 -0.0141351 0 5.85503e-08 0 
4 -2 0 1.05686 1.05686 16.7849 0.326061 0.470026 0.114119 0.16581 1 0.0809159 0.314361 0.0477757 0.134087 1 1 0 -588.762 0 -0.0362094 0 1.21681e-08 0 0.432036 0 
4 -2 0 1.05771 1.05771 16.6853 0.323158 0.465531 0.114654 0.16579 1 0.0811656 0.311642 0.0491683 0.1343 1 1 0 22.2303 0 0.785753 0 -5.4463e-07 0 0.434207 0 
4 -2 0 1.05408 1.05408 16.4742 0.317032 0.456189 0.115913 0.1656 1 0.0817729 0.306215 0.0522481 0.134576 1 0.999999 0 745.152 0 0.4388 0 0.0167395 0 -3.4476e-08 0 
4 -2 0 1.04333 1.04333 16.2563 0.310777 0.446832 0.117381 0.165206 1 0.0825011 0.301077 0.0555957 0.134628 1 0.999989 0 1019.29 0 0.443636 0 0.00889798 0 -3.1759e-07 0 
4 -2 0 1.02739 1.02739 16.0468 0.30485 0.438119 0.118942 0.16466 1 0.0832861 0.296554 0.0589621 0.134483 1 1 0 1106.93 0 0.448279 0 0.00636099 0 -1.33491e-09 0 
4 -2 0 1.00955 1.00955 15.8602 0.29967 0.430611 0.120441 0.164052 1 0.0840439 0.292852 0.0620634 0.134218 1 0.999979 0 1047.4 0 0.45249 0 0.0054968 0 -6.1184e-07 0 
4 -2 0 0.982445 0.982445 15.6155 0.293045 0.421142 0.122537 0.163112 1 0.0851054 0.288435 0.0662494 0.133713 1 0.999964 0 938.951 0 0.458054 0 0.00486615 0 -8.98196e-07 0 
4 -2 0 0.94144 0.94144 15.2806 0.284332 0.408898 0.125594 0.161623 1 0.0866488 0.283122 0.0721315 0.13281 1 0.999917 0 775.08 0 0.465785 0 0.00470245 0 -2.19729e-06 0 
4 -2 0 0.87966 0.87966 14.7909 0.272388 0.392461 0.130312 0.159173 1 0.0890194 0.276665 0.0808879 0.131243 1 0.999846 0 518.324 0 0.477331 0 0.00509001 0 -3.85826e-06 0 
4 -2 0 0.786939 0.786939 13.9895 0.254832 0.368969 0.138274 0.154888 1 0.0930071 0.268671 0.0951558 0.128538 1 0.999544 0 236.399 0 0.496872 0 0.0075093 0 -1.25316e-05 0 
4 -2 0 0.689512 0.689512 12.9324 0.234785 0.343115 0.148661 0.149286 1 0.0983017 0.261367 0.113242 0.125328 1 0.998255 0 73.8979 0 0.523843 0 0.0165553 0 -5.95567e-05 0 
4 -2 0 0.593216 0.593216 11.4625 0.210863 0.313883 0.162377 0.142038 1 0.105839 0.254723 0.136581 0.121963 1 1 0 14.7135 0 0.0439648 0 1.72886e-08 0 0.563762 0 
4 -2 0 0.499814 0.499814 9.21902 0.177644 0.277692 0.181814 0.131791 1 0.11962 0.248653 0.169132 0.119435 1 1.00115 0 1.9516 0 6.95243e-05 0 0.295122 0 0.630969 0 
4 -2 0 0.477963 0.477963 8.47614 0.165091 0.266113 0.187983 0.128137 1 0.126491 0.247635 0.17993 0.119623 1 1.00004 0 1.33902 0 4.23077e-06 0 0.497045 0 0.654589 0 
4 -2 0 0.46799 0.46799 8.08982 0.156618 0.259326 0.19098 0.125813 1 0.132039 0.247837 0.185982 0.120287 1 1 0 1.14265 0 1.31653e-06 0 0.638119 0 0.667296 0 
4 -2 0 0.463304 0.463304 7.89505 0.150252 0.254976 0.19215 0.124164 1 0.136922 0.248821 0.189476 0.121137 1 1.00006 0 1.05057 0 1.18381e-05 0 0.729624 0 0.673772 0 
4 -2 0 0.458654 0.458654 7.82584 0.143278 0.251544 0.191822 0.122205 1 0.143261 0.251537 0.191819 0.122201 1 1.03304 0 1.04793 0 0.00179707 0 0.676214 0 0.780048 0 
4 -2 0 0.458654 0.458654 7.82584 0.143278 0.251544 0.191822 0.122205 1 0.143261 0.251537 0.191819 0.122201 1 1.03304 0 1.04793 0 0.00179707 0 0.676214 0 0.780048 0 
