0 0.0805296 0.0805296 2 1 0
2.75149e-05 0.0805296 0.0805296 1 1 0
5.52623e-05 0.0805298 0.0805298 1 1 0
0.000111461 0.0805304 0.0805304 1 1 0
0.000226717 0.0805331 0.0805331 1 1 0
0.000376257 0.080539 0.080539 1 1 0
0.000531997 0.0805481 0.0805481 1 1 0
0.000694046 0.0805606 0.0805606 1 1 0
0.000862482 0.0805767 0.0805767 1 1 0
0.00103734 0.0805967 0.0805967 1 1 0
0.0012186 0.0806208 0.0806208 1 1 0
0.00140618 0.0806491 0.0806491 1 1 0
0.00159994 0.080682 0.080682 1 1 0
0.00179965 0.0807195 0.0807195 1 1 0
0.00200501 0.080762 0.080762 1 1 0
0.00221564 0.0808094 0.0808094 1 1 0
0.00243109 0.0808619 0.0808619 1 1 0
0.00265085 0.0809195 0.0809195 1 1 0
0.00287435 0.0809823 0.0809823 1 1 0
0.00310098 0.0810502 0.0810502 1 1 0
0.00333011 0.0811231 0.0811231 1 1 0
0.00356111 0.081201 0.081201 1 1 0
0.00379336 0.0812836 0.0812836 1 1 0
0.00402627 0.0813709 0.0813709 1 1 0
0.00425928 0.0814627 0.0814627 1 1 0
0.00449189 0.0815587 0.0815587 1 1 0
0.00472364 0.0816587 0.0816587 1 1 0
0.00495413 0.0817626 0.0817626 1 1 0
0.00518302 0.0818702 0.0818702 1 1 0
0.00541001 0.0819813 0.0819813 1 1 0
0.00563487 0.0820956 0.0820956 1 1 0
0.00585738 0.0822131 0.0822131 1 1 0
0.00607739 0.0823336 0.0823336 1 1 0
0.00629478 0.0824569 0.0824569 1 1 0
0.00650945 0.082583 0.082583 1 1 0
0.00672133 0.0827116 0.0827116 1 1 0
0.00693038 0.0828426 0.0828426 1 1 0
0.00713656 0.0829761 0.0829761 1 1 0
0.00733988 0.0831119 0.0831119 1 1 0
0.00754032 0.0832498 0.0832498 1 1 0
0.0077379 0.0833899 0.0833899 1 1 0
0.00793264 0.083532 0.083532 1 1 0
0.00812457 0.0836762 0.0836762 1 1 0
0.00831372 0.0838223 0.0838223 1 1 0
0.00850012 0.0839703 0.0839703 1 1 0
0.00868383 0.0841202 0.0841202 1 1 0
0.00886487 0.0842719 0.0842719 1 1 0
0.0090433 0.0844254 0.0844254 1 1 0
0.00921915 0.0845806 0.0845806 1 1 0
0.00939249 0.0847376 0.0847376 1 1 0
0.00956335 0.0848963 0.0848963 1 1 0
0.00973179 0.0850566 0.0850566 1 1 0
0.00989784 0.0852187 0.0852187 1 1 0
0.0100616 0.0853823 0.0853823 1 1 0
0.010223 0.0855476 0.0855476 1 1 0
0.0103822 0.0857145 0.0857145 1 1 0
0.0105392 0.085883 0.085883 1 1 0
0.0106941 0.086053 0.086053 1 1 0
0.0108468 0.0862247 0.0862247 1 1 0
0.0109975 0.0863979 0.0863979 1 1 0
0.0111462 0.0865726 0.0865726 1 1 0
0.0112929 0.0867489 0.0867489 1 1 0
0.0114377 0.0869268 0.0869268 1 1 0
0.0115805 0.0871062 0.0871062 1 1 0
0.0117216 0.0872871 0.0872871 1 1 0
0.0117267 0.0872938 0.0872938 1 1 0
0.0118659 0.0874762 0.0874762 2 1 0
0.0120033 0.0876602 0.0876602 2 1 0
0.0121389 0.0878457 0.0878457 2 1 0
0.0122728 0.0880327 0.0880327 2 1 0
0.0124051 0.0882212 0.0882212 2 1 0
0.0125358 0.0884112 0.0884112 2 1 0
0.0126648 0.0886027 0.0886027 2 1 0
0.0127923 0.0887957 0.0887957 2 1 0
0.0129183 0.0889902 0.0889902 2 1 0
0.0130428 0.0891862 0.0891862 2 1 0
0.0131659 0.0893836 0.0893836 2 1 0
0.0132875 0.0895825 0.0895825 2 1 0
0.0134077 0.089783 0.089783 2 1 0
0.0135265 0.0899848 0.0899848 2 1 0
0.0136441 0.0901882 0.0901882 2 1 0
0.0137603 0.0903931 0.0903931 2 1 0
0.0138753 0.0905994 0.0905994 2 1 0
0.013989 0.0908071 0.0908071 2 1 0
0.0141015 0.0910164 0.0910164 2 1 0
0.0142128 0.0912271 0.0912271 2 1 0
0.014323 0.0914393 0.0914393 2 1 0
0.014432 0.0916529 0.0916529 2 1 0
0.01454 0.091868 0.091868 2 1 0
0.0146469 0.0920845 0.0920845 2 1 0
0.0147527 0.0923025 0.0923025 2 1 0
0.0148576 0.092522 0.092522 2 1 0
0.0149614 0.0927429 0.0927429 2 1 0
0.0150643 0.0929652 0.0929652 2 1 0
0.0151663 0.093189 0.093189 2 1 0
0.0152673 0.0934142 0.0934142 2 1 0
0.0153675 0.0936409 0.0936409 2 1 0
0.0154668 0.093869 0.093869 2 1 0
0.0155653 0.0940985 0.0940985 2 1 0
0.0156629 0.0943294 0.0943294 2 1 0
0.0157599 0.0945617 0.0945617 2 1 0
0.015856 0.0947955 0.0947955 2 1 0
0.0159514 0.0950307 0.0950307 2 1 0
0.0160461 0.0952673 0.0952673 2 1 0
0.0161402 0.0955052 0.0955052 2 1 0
0.0162336 0.0957446 0.0957446 2 1 0
0.0163263 0.0959854 0.0959854 2 1 0
0.0164185 0.0962275 0.0962275 2 1 0
0.0165101 0.096471 0.096471 2 1 0
0.0166011 0.0967159 0.0967159 2 1 0
0.0166916 0.0969622 0.0969622 2 1 0
0.0167816 0.0972098 0.0972098 2 1 0
0.0168711 0.0974588 0.0974588 2 1 0
0.0169601 0.0977091 0.0977091 2 1 0
0.0170487 0.0979607 0.0979607 2 1 0
0.0171369 0.0982137 0.0982137 2 1 0
0.0172247 0.098468 0.098468 2 1 0
0.0173122 0.0987236 0.0987236 2 1 0
0.0173992 0.0989805 0.0989805 2 1 0
0.017486 0.0992387 0.0992387 2 1 0
0.0175725 0.0994982 0.0994982 2 1 0
0.0176587 0.0997589 0.0997589 2 1 0
0.0177447 0.100021 0.100021 2 1 0
0.0178304 0.100284 0.100284 2 1 0
0.0179159 0.100549 0.100549 2 1 0
0.0180012 0.100814 0.100814 2 1 0
0.0180864 0.101081 0.101081 2 1 0
0.0181715 0.10135 0.10135 2 1 0
0.0182564 0.101619 0.101619 2 1 0
0.0183412 0.10189 0.10189 2 1 0
0.018426 0.102161 0.102161 2 1 0
0.0185107 0.102434 0.102434 2 1 0
0.0185954 0.102708 0.102708 2 1 0
0.0186801 0.102983 0.102983 2 1 0
0.0187648 0.103259 0.103259 2 1 0
0.0188495 0.103537 0.103537 2 1 0
0.0189344 0.103815 0.103815 2 1 0
0.0190192 0.104095 0.104095 2 1 0
0.0191042 0.104375 0.104375 2 1 0
0.0191894 0.104657 0.104657 2 1 0
0.0192747 0.104939 0.104939 2 1 0
0.0193601 0.105223 0.105223 2 1 0
0.0194457 0.105507 0.105507 2 1 0
0.0195316 0.105793 0.105793 2 1 0
0.0196177 0.106079 0.106079 2 1 0
0.019704 0.106367 0.106367 2 1 0
0.0197907 0.106655 0.106655 2 1 0
0.0198776 0.106944 0.106944 2 1 0
0.0199648 0.107234 0.107234 2 1 0
0.0200524 0.107525 0.107525 2 1 0
0.0201403 0.107816 0.107816 2 1 0
0.0202287 0.108108 0.108108 2 1 0
0.0203174 0.108402 0.108402 2 1 0
0.0204065 0.108695 0.108695 2 1 0
0.0204961 0.10899 0.10899 2 1 0
0.0205862 0.109285 0.109285 2 1 0
0.0206767 0.109581 0.109581 2 1 0
0.0207678 0.109878 0.109878 2 1 0
0.0208593 0.110175 0.110175 2 1 0
0.0209515 0.110472 0.110472 2 1 0
0.0210441 0.110771 0.110771 2 1 0
0.0211374 0.111069 0.111069 2 1 0
0.0212312 0.111368 0.111368 2 1 0
0.0213257 0.111668 0.111668 2 1 0
0.0214208 0.111968 0.111968 2 1 0
0.0215166 0.112269 0.112269 2 1 0
0.0216131 0.11257 0.11257 2 1 0
0.0217102 0.112871 0.112871 2 1 0
0.0218081 0.113172 0.113172 2 1 0
0.0219067 0.113474 0.113474 2 1 0
0.0220061 0.113776 0.113776 2 1 0
0.0221062 0.114078 0.114078 2 1 0
0.0222071 0.11438 0.11438 2 1 0
0.0223089 0.114683 0.114683 2 1 0
0.0224114 0.114985 0.114985 2 1 0
0.0225148 0.115288 0.115288 2 1 0
0.0226191 0.11559 0.11559 2 1 0
0.0227242 0.115893 0.115893 2 1 0
0.0228303 0.116195 0.116195 2 1 0
0.0229372 0.116497 0.116497 2 1 0
0.0230451 0.116799 0.116799 2 1 0
0.0231539 0.117101 0.117101 2 1 0
0.0232637 0.117403 0.117403 2 1 0
0.0233745 0.117705 0.117705 2 1 0
0.0234862 0.118006 0.118006 2 1 0
0.023599 0.118306 0.118306 2 1 0
0.0237128 0.118607 0.118607 2 1 0
0.0238276 0.118907 0.118907 2 1 0
0.0239435 0.119206 0.119206 2 1 0
0.0240604 0.119505 0.119505 2 1 0
0.0241785 0.119803 0.119803 2 1 0
0.0242976 0.120101 0.120101 2 1 0
0.0244178 0.120398 0.120398 2 1 0
0.0245392 0.120695 0.120695 2 1 0
0.0246617 0.12099 0.12099 2 1 0
0.0247854 0.121285 0.121285 2 1 0
0.0249102 0.121579 0.121579 2 1 0
0.0250362 0.121872 0.121872 2 1 0
0.0251634 0.122164 0.122164 2 1 0
0.0252918 0.122456 0.122456 2 1 0
0.0254215 0.122746 0.122746 2 1 0
0.0255523 0.123035 0.123035 2 1 0
0.0256844 0.123323 0.123323 2 1 0
0.0258177 0.12361 0.12361 2 1 0
0.0259524 0.123896 0.123896 2 1 0
0.0260882 0.12418 0.12418 2 1 0
0.0262254 0.124463 0.124463 2 1 0
0.0263639 0.124745 0.124745 2 1 0
0.0265036 0.125026 0.125026 2 1 0
0.0266447 0.125305 0.125305 2 1 0
0.0267871 0.125582 0.125582 2 1 0
0.0269308 0.125858 0.125858 2 1 0
0.0270759 0.126133 0.126133 2 1 0
0.0272224 0.126406 0.126406 2 1 0
0.0273702 0.126677 0.126677 2 1 0
0.0275193 0.126947 0.126947 2 1 0
0.0276699 0.127215 0.127215 2 1 0
0.0278218 0.127481 0.127481 2 1 0
0.0279752 0.127746 0.127746 2 1 0
0.0281299 0.128008 0.128008 2 1 0
0.0282861 0.128269 0.128269 2 1 0
0.0284437 0.128528 0.128528 2 1 0
0.0286027 0.128785 0.128785 2 1 0
0.0287631 0.129039 0.129039 2 1 0
0.028925 0.129292 0.129292 2 1 0
0.0290884 0.129543 0.129543 2 1 0
0.0292532 0.129792 0.129792 2 1 0
0.0294195 0.130039 0.130039 2 1 0
0.0295872 0.130283 0.130283 2 1 0
0.0297565 0.130525 0.130525 2 1 0
0.0299272 0.130766 0.130766 2 1 0
0.0300995 0.131004 0.131004 2 1 0
0.0302732 0.131239 0.131239 2 1 0
0.0304485 0.131472 0.131472 2 1 0
0.0306253 0.131703 0.131703 2 1 0
0.0308036 0.131932 0.131932 2 1 0
0.0309835 0.132158 0.132158 2 1 0
0.0311649 0.132382 0.132382 2 1 0
0.0313479 0.132604 0.132604 2 1 0
0.0315325 0.132823 0.132823 2 1 0
0.0317186 0.133039 0.133039 2 1 0
0.0319063 0.133254 0.133254 2 1 0
0.0320957 0.133465 0.133465 2 1 0
0.0322866 0.133674 0.133674 2 1 0
0.0324792 0.133881 0.133881 2 1 0
0.0326734 0.134085 0.134085 2 1 0
0.0328692 0.134286 0.134286 2 1 0
0.0330668 0.134485 0.134485 2 1 0
0.0332659 0.134682 0.134682 2 1 0
0.0334668 0.134875 0.134875 2 1 0
0.0336694 0.135066 0.135066 2 1 0
0.0338737 0.135255 0.135255 2 1 0
0.0340797 0.135441 0.135441 2 1 0
0.0342875 0.135624 0.135624 2 1 0
0.034497 0.135805 0.135805 2 1 0
0.0347083 0.135983 0.135983 2 1 0
0.0349214 0.136158 0.136158 2 1 0
0.0351364 0.136331 0.136331 2 1 0
0.0353532 0.136501 0.136501 2 1 0
0.0355718 0.136669 0.136669 2 1 0
0.0357923 0.136834 0.136834 2 1 0
0.0360148 0.136996 0.136996 2 1 0
0.0362392 0.137155 0.137155 2 1 0
0.0364655 0.137312 0.137312 2 1 0
0.0366938 0.137467 0.137467 2 1 0
0.0369242 0.137619 0.137619 2 1 0
0.0371565 0.137768 0.137768 2 1 0
0.037391 0.137914 0.137914 2 1 0
0.0376275 0.138058 0.138058 2 1 0
0.0378662 0.1382 0.1382 2 1 0
0.0381071 0.138339 0.138339 2 1 0
0.0383502 0.138475 0.138475 2 1 0
0.0385955 0.138609 0.138609 2 1 0
0.0388431 0.13874 0.13874 2 1 0
0.0390931 0.138869 0.138869 2 1 0
0.0393454 0.138995 0.138995 2 1 0
0.0396001 0.139119 0.139119 2 1 0
0.0398573 0.13924 0.13924 2 1 0
0.040117 0.139359 0.139359 2 1 0
0.0403793 0.139476 0.139476 2 1 0
0.0406442 0.13959 0.13959 2 1 0
0.0409117 0.139702 0.139702 2 1 0
0.041182 0.139811 0.139811 2 1 0
0.041455 0.139918 0.139918 2 1 0
0.0417309 0.140023 0.140023 2 1 0
0.0420097 0.140125 0.140125 2 1 0
0.0422915 0.140225 0.140225 2 1 0
0.0425763 0.140323 0.140323 2 1 0
0.0428642 0.140419 0.140419 2 1 0
0.0431554 0.140512 0.140512 2 1 0
0.0434497 0.140603 0.140603 2 1 0
0.0437475 0.140692 0.140692 2 1 0
0.0440486 0.140779 0.140779 2 1 0
0.0443533 0.140864 0.140864 2 1 0
0.0446616 0.140947 0.140947 2 1 0
0.0449735 0.141028 0.141028 2 1 0
0.0452893 0.141106 0.141106 2 1 0
0.045609 0.141183 0.141183 2 1 0
0.0459326 0.141258 0.141258 2 1 0
0.0462604 0.141331 0.141331 2 1 0
0.0465924 0.141402 0.141402 2 1 0
0.0469287 0.141471 0.141471 2 1 0
0.0472695 0.141538 0.141538 2 1 0
0.0476149 0.141603 0.141603 2 1 0
0.047965 0.141666 0.141666 2 1 0
0.04832 0.141728 0.141728 2 1 0
0.0486799 0.141788 0.141788 2 1 0
0.0490451 0.141846 0.141846 2 1 0
0.0494155 0.141903 0.141903 2 1 0
0.0497914 0.141958 0.141958 2 1 0
0.0501729 0.142011 0.142011 2 1 0
0.0505602 0.142063 0.142063 2 1 0
0.0509536 0.142113 0.142113 2 1 0
0.0513531 0.142162 0.142162 2 1 0
0.0517589 0.142209 0.142209 2 1 0
0.0521714 0.142254 0.142254 2 1 0
0.0525906 0.142298 0.142298 2 1 0
0.0530169 0.142341 0.142341 2 1 0
0.0534505 0.142382 0.142382 2 1 0
0.0538915 0.142422 0.142422 2 1 0
0.0543403 0.142461 0.142461 2 1 0
0.0547971 0.142498 0.142498 2 1 0
0.0552622 0.142534 0.142534 2 1 0
0.0557359 0.142569 0.142569 2 1 0
0.0562185 0.142602 0.142602 2 1 0
0.0567103 0.142634 0.142634 2 1 0
0.0572116 0.142666 0.142666 2 1 0
0.0577229 0.142696 0.142696 2 1 0
0.0582444 0.142724 0.142724 2 1 0
0.0587765 0.142752 0.142752 2 1 0
0.0593198 0.142779 0.142779 2 1 0
0.0598745 0.142805 0.142805 2 1 0
0.0604411 0.142829 0.142829 2 1 0
0.0610202 0.142853 0.142853 2 1 0
0.0616121 0.142876 0.142876 2 1 0
0.0622174 0.142897 0.142897 2 1 0
0.0628368 0.142918 0.142918 2 1 0
0.0634707 0.142938 0.142938 2 1 0
0.0641197 0.142957 0.142957 2 1 0
0.0647845 0.142975 0.142975 2 1 0
0.0654659 0.142993 0.142993 2 1 0
0.0661645 0.14301 0.14301 2 1 0
0.066881 0.143026 0.143026 2 1 0
0.0676164 0.143041 0.143041 2 1 0
0.0683714 0.143055 0.143055 2 1 0
0.069147 0.143069 0.143069 2 1 0
0.0699442 0.143082 0.143082 2 1 0
0.070764 0.143094 0.143094 2 1 0
0.0716075 0.143106 0.143106 2 1 0
0.0724759 0.143117 0.143117 2 1 0
0.0733704 0.143128 0.143128 2 1 0
0.0742925 0.143138 0.143138 2 1 0
0.0752434 0.143148 0.143148 2 1 0
0.0762249 0.143157 0.143157 2 1 0
0.0772385 0.143165 0.143165 2 1 0
0.078286 0.143173 0.143173 2 1 0
0.0793693 0.143181 0.143181 2 1 0
0.0804906 0.143188 0.143188 2 1 0
0.0816519 0.143194 0.143194 2 1 0
0.0828557 0.1432 0.1432 2 1 0
0.0841046 0.143206 0.143206 2 1 0
0.0854014 0.143212 0.143212 2 1 0
0.0867491 0.143217 0.143217 2 1 0
0.0881511 0.143222 0.143222 2 1 0
0.0896108 0.143226 0.143226 2 1 0
0.0911323 0.14323 0.14323 2 1 0
0.0927196 0.143234 0.143234 2 1 0
0.0943776 0.143237 0.143237 2 1 0
0.0961111 0.143241 0.143241 2 1 0
0.0979259 0.143244 0.143244 2 1 0
0.0998278 0.143246 0.143246 2 1 0
0.101824 0.143249 0.143249 2 1 0
0.103921 0.143251 0.143251 2 1 0
0.106127 0.143253 0.143253 2 1 0
0.10845 0.143255 0.143255 2 1 0
0.110902 0.143257 0.143257 2 1 0
0.113491 0.143259 0.143259 2 1 0
0.11623 0.14326 0.14326 2 1 0
0.119131 0.143261 0.143261 2 1 0
0.122208 0.143262 0.143262 2 1 0
0.125475 0.143264 0.143264 2 1 0
0.128949 0.143264 0.143264 2 1 0
0.132646 0.143265 0.143265 2 1 0
0.136584 0.143266 0.143266 2 1 0
0.140782 0.143267 0.143267 2 1 0
0.145258 0.143267 0.143267 2 1 0
0.150031 0.143268 0.143268 2 1 0
0.154612 0.143268 0.143268 2 1 0
0.159978 0.143268 0.143268 1 1 0
0.165696 0.143269 0.143269 1 1 0
0.171761 0.143269 0.143269 1 1 0
0.178175 0.143269 0.143269 1 1 0
0.184935 0.143269 0.143269 1 1 0
0.192032 0.143269 0.143269 1 1 0
0.199452 0.143269 0.143269 1 1 0
0.207173 0.14327 0.14327 1 1 0
0.215173 0.14327 0.14327 1 1 0
0.223427 0.14327 0.14327 1 1 0
0.231905 0.14327 0.14327 1 1 0
0.240583 0.14327 0.14327 1 1 0
0.249435 0.14327 0.14327 1 1 0
0.258438 0.14327 0.14327 1 1 0
0.26757 0.14327 0.14327 1 1 0
0.276813 0.14327 0.14327 1 1 0
0.286151 0.14327 0.14327 1 1 0
0.29557 0.14327 0.14327 1 1 0
0.305058 0.14327 0.14327 1 1 0
0.314605 0.14327 0.14327 1 1 0
0.324203 0.14327 0.14327 1 1 0
0.333845 0.14327 0.14327 1 1 0
0.343523 0.14327 0.14327 1 1 0
0.353234 0.14327 0.14327 1 1 0
0.362973 0.14327 0.14327 1 1 0
0.372737 0.14327 0.14327 1 1 0
0.382522 0.14327 0.14327 1 1 0
0.392324 0.14327 0.14327 1 1 0
0.402143 0.14327 0.14327 1 1 0
0.411977 0.14327 0.14327 1 1 0
0.421822 0.14327 0.14327 1 1 0
0.431679 0.14327 0.14327 1 1 0
0.441546 0.14327 0.14327 1 1 0
0.451421 0.14327 0.14327 1 1 0
0.461305 0.14327 0.14327 1 1 0
0.471195 0.14327 0.14327 1 1 0
0.481092 0.14327 0.14327 1 1 0
0.490995 0.14327 0.14327 1 1 0
0.500903 0.14327 0.14327 1 1 0
0.510816 0.14327 0.14327 1 1 0
0.520734 0.14327 0.14327 1 1 0
0.530655 0.14327 0.14327 1 1 0
0.54058 0.14327 0.14327 1 1 0
0.550508 0.14327 0.14327 1 1 0
0.560439 0.14327 0.14327 1 1 0
0.570374 0.14327 0.14327 1 1 0
0.58031 0.14327 0.14327 1 1 0
0.59025 0.14327 0.14327 1 1 0
0.600191 0.14327 0.14327 1 1 0
0.610135 0.14327 0.14327 1 1 0
0.620081 0.14327 0.14327 1 1 0
0.630028 0.14327 0.14327 1 1 0
0.639978 0.14327 0.14327 1 1 0
0.649929 0.14327 0.14327 1 1 0
0.659881 0.14327 0.14327 1 1 0
0.669835 0.14327 0.14327 1 1 0
0.67979 0.14327 0.14327 1 1 0
0.689747 0.14327 0.14327 1 1 0
0.699705 0.14327 0.14327 1 1 0
0.709664 0.14327 0.14327 1 1 0
0.719624 0.14327 0.14327 1 1 0
0.729585 0.14327 0.14327 1 1 0
0.739547 0.14327 0.14327 1 1 0
0.74951 0.14327 0.14327 1 1 0
0.759474 0.14327 0.14327 1 1 0
0.769439 0.14327 0.14327 1 1 0
0.779404 0.14327 0.14327 1 1 0
0.789371 0.14327 0.14327 1 1 0
0.799338 0.14327 0.14327 1 1 0
0.809306 0.14327 0.14327 1 1 0
0.819274 0.14327 0.14327 1 1 0
0.829243 0.14327 0.14327 1 1 0
0.839213 0.14327 0.14327 1 1 0
0.849184 0.14327 0.14327 1 1 0
0.859155 0.14327 0.14327 1 1 0
0.869126 0.14327 0.14327 1 1 0
0.879098 0.14327 0.14327 1 1 0
0.889071 0.14327 0.14327 1 1 0
0.899044 0.14327 0.14327 1 1 0
0.909018 0.14327 0.14327 1 1 0
0.918992 0.14327 0.14327 1 1 0
0.928966 0.14327 0.14327 1 1 0
0.938941 0.14327 0.14327 1 1 0
0.948917 0.14327 0.14327 1 1 0
0.958893 0.14327 0.14327 1 1 0
0.968869 0.14327 0.14327 1 1 0
0.978845 0.14327 0.14327 1 1 0
0.988822 0.14327 0.14327 1 1 0
0.9988 0.14327 0.14327 1 1 0
1.00878 0.14327 0.14327 1 1 0
1.01876 0.14327 0.14327 1 1 0
1.02873 0.14327 0.14327 1 1 0
1.03871 0.14327 0.14327 1 1 0
1.04869 0.14327 0.14327 1 1 0
1.05867 0.14327 0.14327 1 1 0
1.06865 0.14327 0.14327 1 1 0
1.07863 0.14327 0.14327 1 1 0
1.08861 0.14327 0.14327 1 1 0
1.09859 0.14327 0.14327 1 1 0
1.10857 0.14327 0.14327 1 1 0
1.11855 0.14327 0.14327 1 1 0
1.12854 0.14327 0.14327 1 1 0
1.13852 0.14327 0.14327 1 1 0
1.1485 0.14327 0.14327 1 1 0
1.15848 0.14327 0.14327 1 1 0
1.16846 0.14327 0.14327 1 1 0
1.17845 0.14327 0.14327 1 1 0
1.18843 0.14327 0.14327 1 1 0
1.19841 0.14327 0.14327 1 1 0
1.20839 0.14327 0.14327 1 1 0
1.21838 0.14327 0.14327 1 1 0
1.22836 0.14327 0.14327 1 1 0
1.23835 0.14327 0.14327 1 1 0
1.24833 0.14327 0.14327 1 1 0
1.25831 0.14327 0.14327 1 1 0
1.2683 0.14327 0.14327 1 1 0
1.27828 0.14327 0.14327 1 1 0
1.28827 0.14327 0.14327 1 1 0
1.29825 0.14327 0.14327 1 1 0
1.30824 0.14327 0.14327 1 1 0
1.31822 0.14327 0.14327 1 1 0
1.32821 0.14327 0.14327 1 1 0
1.33819 0.14327 0.14327 1 1 0
1.34818 0.14327 0.14327 1 1 0
1.35817 0.14327 0.14327 1 1 0
1.36815 0.14327 0.14327 1 1 0
1.37814 0.14327 0.14327 1 1 0
1.38813 0.14327 0.14327 1 1 0
1.39811 0.14327 0.14327 1 1 0
1.4081 0.14327 0.14327 1 1 0
1.41809 0.14327 0.14327 1 1 0
1.42807 0.14327 0.14327 1 1 0
1.43806 0.14327 0.14327 1 1 0
1.44805 0.14327 0.14327 1 1 0
1.45803 0.14327 0.14327 1 1 0
1.46802 0.14327 0.14327 1 1 0
1.47801 0.14327 0.14327 1 1 0
1.488 0.14327 0.14327 1 1 0
1.49799 0.14327 0.14327 1 1 0
1.50797 0.14327 0.14327 1 1 0
1.51796 0.14327 0.14327 1 1 0
1.52795 0.14327 0.14327 1 1 0
1.53794 0.14327 0.14327 1 1 0
1.54793 0.14327 0.14327 1 1 0
1.55792 0.14327 0.14327 1 1 0
1.5679 0.14327 0.14327 1 1 0
1.57789 0.14327 0.14327 1 1 0
1.58788 0.14327 0.14327 1 1 0
1.59787 0.14327 0.14327 1 1 0
1.60786 0.14327 0.14327 1 1 0
1.61785 0.14327 0.14327 1 1 0
1.62784 0.14327 0.14327 1 1 0
1.63783 0.14327 0.14327 1 1 0
1.64782 0.14327 0.14327 1 1 0
1.65781 0.14327 0.14327 1 1 0
1.6678 0.14327 0.14327 1 1 0
1.67779 0.14327 0.14327 1 1 0
1.68778 0.14327 0.14327 1 1 0
1.69777 0.14327 0.14327 1 1 0
1.70776 0.14327 0.14327 1 1 0
1.71775 0.14327 0.14327 1 1 0
1.72774 0.14327 0.14327 1 1 0
1.73773 0.14327 0.14327 1 1 0
1.74772 0.14327 0.14327 1 1 0
1.75771 0.14327 0.14327 1 1 0
1.7677 0.14327 0.14327 1 1 0
1.77769 0.14327 0.14327 1 1 0
1.78768 0.14327 0.14327 1 1 0
1.79767 0.14327 0.14327 1 1 0
1.80767 0.14327 0.14327 1 1 0
1.81766 0.14327 0.14327 1 1 0
1.82765 0.14327 0.14327 1 1 0
1.83764 0.14327 0.14327 1 1 0
1.84763 0.14327 0.14327 1 1 0
1.85762 0.14327 0.14327 1 1 0
1.86761 0.14327 0.14327 1 1 0
1.8776 0.14327 0.14327 1 1 0
1.8876 0.14327 0.14327 1 1 0
1.89759 0.14327 0.14327 1 1 0
1.90758 0.14327 0.14327 1 1 0
1.91757 0.14327 0.14327 1 1 0
1.92756 0.14327 0.14327 1 1 0
1.93756 0.14327 0.14327 1 1 0
1.94755 0.14327 0.14327 1 1 0
1.95754 0.14327 0.14327 1 1 0
1.96753 0.14327 0.14327 1 1 0
1.97752 0.14327 0.14327 1 1 0
1.98752 0.14327 0.14327 1 1 0
1.99751 0.14327 0.14327 1 1 0
2.0075 0.14327 0.14327 1 1 0
2.01749 0.14327 0.14327 1 1 0
2.02749 0.14327 0.14327 1 1 0
2.03748 0.14327 0.14327 1 1 0
2.04747 0.14327 0.14327 1 1 0
2.05746 0.14327 0.14327 1 1 0
2.06746 0.14327 0.14327 1 1 0
2.07745 0.14327 0.14327 1 1 0
2.08744 0.14327 0.14327 1 1 0
2.09744 0.14327 0.14327 1 1 0
2.10743 0.14327 0.14327 1 1 0
2.11742 0.14327 0.14327 1 1 0
2.12742 0.14327 0.14327 1 1 0
2.13741 0.14327 0.14327 1 1 0
2.1474 0.14327 0.14327 1 1 0
2.1574 0.14327 0.14327 1 1 0
2.16739 0.14327 0.14327 1 1 0
2.17738 0.14327 0.14327 1 1 0
2.18738 0.14327 0.14327 1 1 0
2.19737 0.14327 0.14327 1 1 0
2.20736 0.14327 0.14327 1 1 0
2.21736 0.14327 0.14327 1 1 0
2.22735 0.14327 0.14327 1 1 0
2.23734 0.14327 0.14327 1 1 0
2.24734 0.14327 0.14327 1 1 0
2.25733 0.14327 0.14327 1 1 0
2.26733 0.14327 0.14327 1 1 0
2.27732 0.14327 0.14327 1 1 0
2.28731 0.14327 0.14327 1 1 0
2.29731 0.14327 0.14327 1 1 0
2.3073 0.14327 0.14327 1 1 0
2.31729 0.14327 0.14327 1 1 0
2.32729 0.14327 0.14327 1 1 0
2.33728 0.14327 0.14327 1 1 0
2.34728 0.14327 0.14327 1 1 0
2.35727 0.14327 0.14327 1 1 0
2.36727 0.14327 0.14327 1 1 0
2.37726 0.14327 0.14327 1 1 0
2.38725 0.14327 0.14327 1 1 0
2.39725 0.14327 0.14327 1 1 0
2.40724 0.14327 0.14327 1 1 0
2.41724 0.14327 0.14327 1 1 0
2.42723 0.14327 0.14327 1 1 0
2.43723 0.14327 0.14327 1 1 0
2.44722 0.14327 0.14327 1 1 0
2.45722 0.14327 0.14327 1 1 0
2.46721 0.14327 0.14327 1 1 0
2.47721 0.14327 0.14327 1 1 0
2.4872 0.14327 0.14327 1 1 0
2.4972 0.14327 0.14327 1 1 0
2.50719 0.14327 0.14327 1 1 0
2.51718 0.14327 0.14327 1 1 0
2.52718 0.14327 0.14327 1 1 0
2.53717 0.14327 0.14327 1 1 0
2.54717 0.14327 0.14327 1 1 0
2.55716 0.14327 0.14327 1 1 0
2.56716 0.14327 0.14327 1 1 0
2.57715 0.14327 0.14327 1 1 0
2.58715 0.14327 0.14327 1 1 0
2.59714 0.14327 0.14327 1 1 0
2.60714 0.14327 0.14327 1 1 0
2.61714 0.14327 0.14327 1 1 0
2.62713 0.14327 0.14327 1 1 0
2.63713 0.14327 0.14327 1 1 0
2.64712 0.14327 0.14327 1 1 0
2.65712 0.14327 0.14327 1 1 0
2.66711 0.14327 0.14327 1 1 0
2.67711 0.14327 0.14327 1 1 0
2.6871 0.14327 0.14327 1 1 0
2.6971 0.14327 0.14327 1 1 0
2.70709 0.14327 0.14327 1 1 0
2.71709 0.14327 0.14327 1 1 0
2.72708 0.14327 0.14327 1 1 0
2.73708 0.14327 0.14327 1 1 0
2.74708 0.14327 0.14327 1 1 0
2.75707 0.14327 0.14327 1 1 0
2.76707 0.14327 0.14327 1 1 0
2.77706 0.14327 0.14327 1 1 0
2.78706 0.14327 0.14327 1 1 0
2.79705 0.14327 0.14327 1 1 0
2.80705 0.14327 0.14327 1 1 0
2.81705 0.14327 0.14327 1 1 0
2.82704 0.14327 0.14327 1 1 0
2.83704 0.14327 0.14327 1 1 0
2.84703 0.14327 0.14327 1 1 0
2.85703 0.14327 0.14327 1 1 0
2.86702 0.14327 0.14327 1 1 0
2.87702 0.14327 0.14327 1 1 0
2.88702 0.14327 0.14327 1 1 0
2.89701 0.14327 0.14327 1 1 0
2.90701 0.14327 0.14327 1 1 0
2.917 0.14327 0.14327 1 1 0
2.927 0.14327 0.14327 1 1 0
2.937 0.14327 0.14327 1 1 0
2.94699 0.14327 0.14327 1 1 0
2.95699 0.14327 0.14327 1 1 0
2.96699 0.14327 0.14327 1 1 0
2.97698 0.14327 0.14327 1 1 0
2.98698 0.14327 0.14327 1 1 0
2.99697 0.14327 0.14327 1 1 0
3.00697 0.14327 0.14327 1 1 0
3.01697 0.14327 0.14327 1 1 0
3.02696 0.14327 0.14327 1 1 0
3.03696 0.14327 0.14327 1 1 0
3.04696 0.14327 0.14327 1 1 0
3.05695 0.14327 0.14327 1 1 0
3.06695 0.14327 0.14327 1 1 0
3.07694 0.14327 0.14327 1 1 0
3.08694 0.14327 0.14327 1 1 0
3.09694 0.14327 0.14327 1 1 0
3.10693 0.14327 0.14327 1 1 0
3.11693 0.14327 0.14327 1 1 0
3.12693 0.14327 0.14327 1 1 0
3.13692 0.14327 0.14327 1 1 0
3.14692 0.14327 0.14327 1 1 0
3.15692 0.14327 0.14327 1 1 0
3.16691 0.14327 0.14327 1 1 0
3.17691 0.14327 0.14327 1 1 0
3.18691 0.14327 0.14327 1 1 0
3.1969 0.14327 0.14327 1 1 0
3.2069 0.14327 0.14327 1 1 0
3.2169 0.14327 0.14327 1 1 0
3.22689 0.14327 0.14327 1 1 0
3.23689 0.14327 0.14327 1 1 0
3.24689 0.14327 0.14327 1 1 0
3.25688 0.14327 0.14327 1 1 0
3.26688 0.14327 0.14327 1 1 0
3.27688 0.14327 0.14327 1 1 0
3.28687 0.14327 0.14327 1 1 0
3.29687 0.14327 0.14327 1 1 0
3.30687 0.14327 0.14327 1 1 0
3.31686 0.14327 0.14327 1 1 0
3.32686 0.14327 0.14327 1 1 0
3.33686 0.14327 0.14327 1 1 0
3.34686 0.14327 0.14327 1 1 0
3.35685 0.14327 0.14327 1 1 0
3.36685 0.14327 0.14327 1 1 0
3.37685 0.14327 0.14327 1 1 0
3.38684 0.14327 0.14327 1 1 0
3.39684 0.14327 0.14327 1 1 0
3.40684 0.14327 0.14327 1 1 0
3.41683 0.14327 0.14327 1 1 0
3.42683 0.14327 0.14327 1 1 0
3.43683 0.14327 0.14327 1 1 0
3.44683 0.14327 0.14327 1 1 0
3.45682 0.14327 0.14327 1 1 0
3.46682 0.14327 0.14327 1 1 0
3.47682 0.14327 0.14327 1 1 0
3.48681 0.14327 0.14327 1 1 0
3.49681 0.14327 0.14327 1 1 0
3.50681 0.14327 0.14327 1 1 0
3.51681 0.14327 0.14327 1 1 0
3.5268 0.14327 0.14327 1 1 0
3.5368 0.14327 0.14327 1 1 0
3.5468 0.14327 0.14327 1 1 0
3.5568 0.14327 0.14327 1 1 0
3.56679 0.14327 0.14327 1 1 0
3.57679 0.14327 0.14327 1 1 0
3.58679 0.14327 0.14327 1 1 0
3.59678 0.14327 0.14327 1 1 0
3.60678 0.14327 0.14327 1 1 0
3.61678 0.14327 0.14327 1 1 0
3.62678 0.14327 0.14327 1 1 0
3.63677 0.14327 0.14327 1 1 0
3.64677 0.14327 0.14327 1 1 0
3.65677 0.14327 0.14327 1 1 0
3.66677 0.14327 0.14327 1 1 0
3.67676 0.14327 0.14327 1 1 0
3.68676 0.14327 0.14327 1 1 0
3.69676 0.14327 0.14327 1 1 0
3.70676 0.14327 0.14327 1 1 0
3.71675 0.14327 0.14327 1 1 0
3.72675 0.14327 0.14327 1 1 0
3.73675 0.14327 0.14327 1 1 0
3.74675 0.14327 0.14327 1 1 0
3.75674 0.14327 0.14327 1 1 0
3.76674 0.14327 0.14327 1 1 0
3.77674 0.14327 0.14327 1 1 0
3.78674 0.14327 0.14327 1 1 0
3.79673 0.14327 0.14327 1 1 0
3.80673 0.14327 0.14327 1 1 0
3.81673 0.14327 0.14327 1 1 0
3.82673 0.14327 0.14327 1 1 0
3.83672 0.14327 0.14327 1 1 0
3.84672 0.14327 0.14327 1 1 0
3.85672 0.14327 0.14327 1 1 0
3.86672 0.14327 0.14327 1 1 0
3.87672 0.14327 0.14327 1 1 0
3.88671 0.14327 0.14327 1 1 0
3.89671 0.14327 0.14327 1 1 0
3.90671 0.14327 0.14327 1 1 0
3.91671 0.14327 0.14327 1 1 0
3.9267 0.14327 0.14327 1 1 0
3.9367 0.14327 0.14327 1 1 0
3.9467 0.14327 0.14327 1 1 0
3.9567 0.14327 0.14327 1 1 0
3.9667 0.14327 0.14327 1 1 0
3.97669 0.14327 0.14327 1 1 0
3.98669 0.14327 0.14327 1 1 0
3.99669 0.14327 0.14327 1 1 0
4.00669 0.14327 0.14327 1 1 0
4.01668 0.14327 0.14327 1 1 0
4.02668 0.14327 0.14327 1 1 0
4.03668 0.14327 0.14327 1 1 0
4.04668 0.14327 0.14327 1 1 0
4.05668 0.14327 0.14327 1 1 0
4.06667 0.14327 0.14327 1 1 0
4.07667 0.14327 0.14327 1 1 0
4.08667 0.14327 0.14327 1 1 0
4.09667 0.14327 0.14327 1 1 0
4.10667 0.14327 0.14327 1 1 0
4.11666 0.14327 0.14327 1 1 0
4.12666 0.14327 0.14327 1 1 0
4.13666 0.14327 0.14327 1 1 0
4.14666 0.14327 0.14327 1 1 0
4.15666 0.14327 0.14327 1 1 0
4.16665 0.14327 0.14327 1 1 0
4.17665 0.14327 0.14327 1 1 0
4.18665 0.14327 0.14327 1 1 0
4.19665 0.14327 0.14327 1 1 0
4.20665 0.14327 0.14327 1 1 0
4.21664 0.14327 0.14327 1 1 0
4.22664 0.14327 0.14327 1 1 0
4.23664 0.14327 0.14327 1 1 0
4.24664 0.14327 0.14327 1 1 0
4.25664 0.14327 0.14327 1 1 0
4.26663 0.14327 0.14327 1 1 0
4.27663 0.14327 0.14327 1 1 0
4.28663 0.14327 0.14327 1 1 0
4.29663 0.14327 0.14327 1 1 0
4.30663 0.14327 0.14327 1 1 0
4.31663 0.14327 0.14327 1 1 0
4.32662 0.14327 0.14327 1 1 0
4.33662 0.14327 0.14327 1 1 0
4.34662 0.14327 0.14327 1 1 0
4.35662 0.14327 0.14327 1 1 0
4.36662 0.14327 0.14327 1 1 0
4.37661 0.14327 0.14327 1 1 0
4.38661 0.14327 0.14327 1 1 0
4.39661 0.14327 0.14327 1 1 0
4.40661 0.14327 0.14327 1 1 0
4.41661 0.14327 0.14327 1 1 0
4.42661 0.14327 0.14327 1 1 0
4.4366 0.14327 0.14327 1 1 0
4.4466 0.14327 0.14327 1 1 0
4.4566 0.14327 0.14327 1 1 0
4.4666 0.14327 0.14327 1 1 0
4.4766 0.14327 0.14327 1 1 0
4.4866 0.14327 0.14327 1 1 0
4.49659 0.14327 0.14327 1 1 0
4.50659 0.14327 0.14327 1 1 0
4.51659 0.14327 0.14327 1 1 0
4.52659 0.14327 0.14327 1 1 0
4.53659 0.14327 0.14327 1 1 0
4.54659 0.14327 0.14327 1 1 0
4.55658 0.14327 0.14327 1 1 0
4.56658 0.14327 0.14327 1 1 0
4.57658 0.14327 0.14327 1 1 0
4.58658 0.14327 0.14327 1 1 0
4.59658 0.14327 0.14327 1 1 0
4.60658 0.14327 0.14327 1 1 0
4.61657 0.14327 0.14327 1 1 0
4.62657 0.14327 0.14327 1 1 0
4.63657 0.14327 0.14327 1 1 0
4.64657 0.14327 0.14327 1 1 0
4.65657 0.14327 0.14327 1 1 0
4.66657 0.14327 0.14327 1 1 0
4.67656 0.14327 0.14327 1 1 0
4.68656 0.14327 0.14327 1 1 0
4.69656 0.14327 0.14327 1 1 0
4.70656 0.14327 0.14327 1 1 0
4.71656 0.14327 0.14327 1 1 0
4.72656 0.14327 0.14327 1 1 0
4.73656 0.14327 0.14327 1 1 0
4.74655 0.14327 0.14327 1 1 0
4.75655 0.14327 0.14327 1 1 0
4.76655 0.14327 0.14327 1 1 0
4.77655 0.14327 0.14327 1 1 0
4.78655 0.14327 0.14327 1 1 0
4.79655 0.14327 0.14327 1 1 0
4.80655 0.14327 0.14327 1 1 0
4.81654 0.14327 0.14327 1 1 0
4.82654 0.14327 0.14327 1 1 0
4.83654 0.14327 0.14327 1 1 0
4.84654 0.14327 0.14327 1 1 0
4.85654 0.14327 0.14327 1 1 0
4.86654 0.14327 0.14327 1 1 0
4.87654 0.14327 0.14327 1 1 0
4.88653 0.14327 0.14327 1 1 0
4.89653 0.14327 0.14327 1 1 0
4.90653 0.14327 0.14327 1 1 0
4.91653 0.14327 0.14327 1 1 0
4.92653 0.14327 0.14327 1 1 0
4.93653 0.14327 0.14327 1 1 0
4.94653 0.14327 0.14327 1 1 0
4.95652 0.14327 0.14327 1 1 0
4.96652 0.14327 0.14327 1 1 0
4.97652 0.14327 0.14327 1 1 0
4.98652 0.14327 0.14327 1 1 0
4.99652 0.14327 0.14327 1 1 0
5.00652 0.14327 0.14327 1 1 0
5.01652 0.14327 0.14327 1 1 0
5.02651 0.14327 0.14327 1 1 0
5.03651 0.14327 0.14327 1 1 0
5.04651 0.14327 0.14327 1 1 0
5.05651 0.14327 0.14327 1 1 0
5.06651 0.14327 0.14327 1 1 0
5.07651 0.14327 0.14327 1 1 0
5.08651 0.14327 0.14327 1 1 0
5.09651 0.14327 0.14327 1 1 0
5.1065 0.14327 0.14327 1 1 0
5.1165 0.14327 0.14327 1 1 0
5.1265 0.14327 0.14327 1 1 0
5.1365 0.14327 0.14327 1 1 0
5.1465 0.14327 0.14327 1 1 0
5.1565 0.14327 0.14327 1 1 0
5.1665 0.14327 0.14327 1 1 0
5.1765 0.14327 0.14327 1 1 0
5.18649 0.14327 0.14327 1 1 0
5.19649 0.14327 0.14327 1 1 0
5.20649 0.14327 0.14327 1 1 0
5.21649 0.14327 0.14327 1 1 0
5.22649 0.14327 0.14327 1 1 0
5.23649 0.14327 0.14327 1 1 0
5.24649 0.14327 0.14327 1 1 0
5.25649 0.14327 0.14327 1 1 0
5.26648 0.14327 0.14327 1 1 0
5.27648 0.14327 0.14327 1 1 0
5.28648 0.14327 0.14327 1 1 0
5.29648 0.14327 0.14327 1 1 0
5.30648 0.14327 0.14327 1 1 0
5.31648 0.14327 0.14327 1 1 0
5.32648 0.14327 0.14327 1 1 0
5.33648 0.14327 0.14327 1 1 0
5.34648 0.14327 0.14327 1 1 0
5.35647 0.14327 0.14327 1 1 0
5.36647 0.14327 0.14327 1 1 0
5.37647 0.14327 0.14327 1 1 0
5.38647 0.14327 0.14327 1 1 0
5.39647 0.14327 0.14327 1 1 0
5.40647 0.14327 0.14327 1 1 0
5.41647 0.14327 0.14327 1 1 0
5.42647 0.14327 0.14327 1 1 0
5.43647 0.14327 0.14327 1 1 0
5.44646 0.14327 0.14327 1 1 0
5.45646 0.14327 0.14327 1 1 0
5.46646 0.14327 0.14327 1 1 0
5.47646 0.14327 0.14327 1 1 0
5.48646 0.14327 0.14327 1 1 0
5.49646 0.14327 0.14327 1 1 0
5.50646 0.14327 0.14327 1 1 0
5.51646 0.14327 0.14327 1 1 0
5.52646 0.14327 0.14327 1 1 0
5.53645 0.14327 0.14327 1 1 0
5.54645 0.14327 0.14327 1 1 0
5.55645 0.14327 0.14327 1 1 0
5.56645 0.14327 0.14327 1 1 0
5.57645 0.14327 0.14327 1 1 0
5.58645 0.14327 0.14327 1 1 0
5.59645 0.14327 0.14327 1 1 0
5.60645 0.14327 0.14327 1 1 0
5.61645 0.14327 0.14327 1 1 0
5.62644 0.14327 0.14327 1 1 0
5.63644 0.14327 0.14327 1 1 0
5.64644 0.14327 0.14327 1 1 0
5.65644 0.14327 0.14327 1 1 0
5.66644 0.14327 0.14327 1 1 0
5.67644 0.14327 0.14327 1 1 0
5.68644 0.14327 0.14327 1 1 0
5.69644 0.14327 0.14327 1 1 0
5.70644 0.14327 0.14327 1 1 0
5.71644 0.14327 0.14327 1 1 0
5.72643 0.14327 0.14327 1 1 0
5.73643 0.14327 0.14327 1 1 0
5.74643 0.14327 0.14327 1 1 0
5.75643 0.14327 0.14327 1 1 0
5.76643 0.14327 0.14327 1 1 0
5.77643 0.14327 0.14327 1 1 0
5.78643 0.14327 0.14327 1 1 0
5.79643 0.14327 0.14327 1 1 0
5.80643 0.14327 0.14327 1 1 0
5.81643 0.14327 0.14327 1 1 0
5.82643 0.14327 0.14327 1 1 0
5.83642 0.14327 0.14327 1 1 0
5.84642 0.14327 0.14327 1 1 0
5.85642 0.14327 0.14327 1 1 0
5.86642 0.14327 0.14327 1 1 0
5.87642 0.14327 0.14327 1 1 0
5.88642 0.14327 0.14327 1 1 0
5.89642 0.14327 0.14327 1 1 0
5.90642 0.14327 0.14327 1 1 0
5.91642 0.14327 0.14327 1 1 0
5.92642 0.14327 0.14327 1 1 0
5.93642 0.14327 0.14327 1 1 0
5.94641 0.14327 0.14327 1 1 0
5.95641 0.14327 0.14327 1 1 0
5.96641 0.14327 0.14327 1 1 0
5.97641 0.14327 0.14327 1 1 0
5.98641 0.14327 0.14327 1 1 0
5.99641 0.14327 0.14327 1 1 0
6.00641 0.14327 0.14327 1 1 0
6.01641 0.14327 0.14327 1 1 0
6.02641 0.14327 0.14327 1 1 0
6.03641 0.14327 0.14327 1 1 0
6.04641 0.14327 0.14327 1 1 0
6.0564 0.14327 0.14327 1 1 0
6.0664 0.14327 0.14327 1 1 0
6.0764 0.14327 0.14327 1 1 0
6.0864 0.14327 0.14327 1 1 0
6.0964 0.14327 0.14327 1 1 0
6.1064 0.14327 0.14327 1 1 0
6.1164 0.14327 0.14327 1 1 0
6.1264 0.14327 0.14327 1 1 0
6.1364 0.14327 0.14327 1 1 0
6.1464 0.14327 0.14327 1 1 0
6.1564 0.14327 0.14327 1 1 0
6.1664 0.14327 0.14327 1 1 0
6.17639 0.14327 0.14327 1 1 0
6.18639 0.14327 0.14327 1 1 0
6.19639 0.14327 0.14327 1 1 0
6.20639 0.14327 0.14327 1 1 0
6.21639 0.14327 0.14327 1 1 0
6.22639 0.14327 0.14327 1 1 0
6.23639 0.14327 0.14327 1 1 0
6.24639 0.14327 0.14327 1 1 0
6.25639 0.14327 0.14327 1 1 0
6.26639 0.14327 0.14327 1 1 0
6.27639 0.14327 0.14327 1 1 0
6.28639 0.14327 0.14327 1 1 0
6.29638 0.14327 0.14327 1 1 0
6.30638 0.14327 0.14327 1 1 0
6.31638 0.14327 0.14327 1 1 0
6.32638 0.14327 0.14327 1 1 0
6.33638 0.14327 0.14327 1 1 0
6.34638 0.14327 0.14327 1 1 0
6.35638 0.14327 0.14327 1 1 0
6.36638 0.14327 0.14327 1 1 0
6.37638 0.14327 0.14327 1 1 0
6.38638 0.14327 0.14327 1 1 0
6.39638 0.14327 0.14327 1 1 0
6.40638 0.14327 0.14327 1 1 0
6.41638 0.14327 0.14327 1 1 0
6.42637 0.14327 0.14327 1 1 0
6.43637 0.14327 0.14327 1 1 0
6.44637 0.14327 0.14327 1 1 0
6.45637 0.14327 0.14327 1 1 0
6.46637 0.14327 0.14327 1 1 0
6.47637 0.14327 0.14327 1 1 0
6.48637 0.14327 0.14327 1 1 0
6.49637 0.14327 0.14327 1 1 0
6.50637 0.14327 0.14327 1 1 0
6.51637 0.14327 0.14327 1 1 0
6.52637 0.14327 0.14327 1 1 0
6.53637 0.14327 0.14327 1 1 0
6.54637 0.14327 0.14327 1 1 0
6.55637 0.14327 0.14327 1 1 0
6.56636 0.14327 0.14327 1 1 0
6.57636 0.14327 0.14327 1 1 0
6.58636 0.14327 0.14327 1 1 0
6.59636 0.14327 0.14327 1 1 0
6.60636 0.14327 0.14327 1 1 0
6.61636 0.14327 0.14327 1 1 0
6.62636 0.14327 0.14327 1 1 0
6.63636 0.14327 0.14327 1 1 0
6.64636 0.14327 0.14327 1 1 0
6.65636 0.14327 0.14327 1 1 0
6.66636 0.14327 0.14327 1 1 0
6.67636 0.14327 0.14327 1 1 0
6.68636 0.14327 0.14327 1 1 0
6.69636 0.14327 0.14327 1 1 0
6.70635 0.14327 0.14327 1 1 0
6.71635 0.14327 0.14327 1 1 0
6.72635 0.14327 0.14327 1 1 0
6.73635 0.14327 0.14327 1 1 0
6.74635 0.14327 0.14327 1 1 0
6.75635 0.14327 0.14327 1 1 0
6.76635 0.14327 0.14327 1 1 0
6.77635 0.14327 0.14327 1 1 0
6.78635 0.14327 0.14327 1 1 0
6.79635 0.14327 0.14327 1 1 0
6.80635 0.14327 0.14327 1 1 0
6.81635 0.14327 0.14327 1 1 0
6.82635 0.14327 0.14327 1 1 0
6.83635 0.14327 0.14327 1 1 0
6.84635 0.14327 0.14327 1 1 0
6.85634 0.14327 0.14327 1 1 0
6.86634 0.14327 0.14327 1 1 0
6.87634 0.14327 0.14327 1 1 0
6.88634 0.14327 0.14327 1 1 0
6.89634 0.14327 0.14327 1 1 0
6.90634 0.14327 0.14327 1 1 0
6.91634 0.14327 0.14327 1 1 0
6.92634 0.14327 0.14327 1 1 0
6.93634 0.14327 0.14327 1 1 0
6.94634 0.14327 0.14327 1 1 0
6.95634 0.14327 0.14327 1 1 0
6.96634 0.14327 0.14327 1 1 0
6.97634 0.14327 0.14327 1 1 0
6.98634 0.14327 0.14327 1 1 0
6.99634 0.14327 0.14327 1 1 0
7.00634 0.14327 0.14327 1 1 0
7.01633 0.14327 0.14327 1 1 0
7.02633 0.14327 0.14327 1 1 0
7.03633 0.14327 0.14327 1 1 0
7.04633 0.14327 0.14327 1 1 0
7.05633 0.14327 0.14327 1 1 0
7.06633 0.14327 0.14327 1 1 0
7.07633 0.14327 0.14327 1 1 0
7.08633 0.14327 0.14327 1 1 0
7.09633 0.14327 0.14327 1 1 0
7.10633 0.14327 0.14327 1 1 0
7.11633 0.14327 0.14327 1 1 0
7.12633 0.14327 0.14327 1 1 0
7.13633 0.14327 0.14327 1 1 0
7.14633 0.14327 0.14327 1 1 0
7.15633 0.14327 0.14327 1 1 0
7.16633 0.14327 0.14327 1 1 0
7.17633 0.14327 0.14327 1 1 0
7.18632 0.14327 0.14327 1 1 0
7.19632 0.14327 0.14327 1 1 0
7.20632 0.14327 0.14327 1 1 0
7.21632 0.14327 0.14327 1 1 0
7.22632 0.14327 0.14327 1 1 0
7.23632 0.14327 0.14327 1 1 0
7.24632 0.14327 0.14327 1 1 0
7.25632 0.14327 0.14327 1 1 0
7.26632 0.14327 0.14327 1 1 0
7.27632 0.14327 0.14327 1 1 0
7.28632 0.14327 0.14327 1 1 0
7.29632 0.14327 0.14327 1 1 0
7.30632 0.14327 0.14327 1 1 0
7.31632 0.14327 0.14327 1 1 0
7.32632 0.14327 0.14327 1 1 0
7.33632 0.14327 0.14327 1 1 0
7.34632 0.14327 0.14327 1 1 0
7.35632 0.14327 0.14327 1 1 0
7.36631 0.14327 0.14327 1 1 0
7.37631 0.14327 0.14327 1 1 0
7.38631 0.14327 0.14327 1 1 0
7.39631 0.14327 0.14327 1 1 0
7.40631 0.14327 0.14327 1 1 0
7.41631 0.14327 0.14327 1 1 0
7.42631 0.14327 0.14327 1 1 0
7.43631 0.14327 0.14327 1 1 0
7.44631 0.14327 0.14327 1 1 0
7.45631 0.14327 0.14327 1 1 0
7.46631 0.14327 0.14327 1 1 0
7.47631 0.14327 0.14327 1 1 0
7.48631 0.14327 0.14327 1 1 0
7.49631 0.14327 0.14327 1 1 0
7.50631 0.14327 0.14327 1 1 0
7.51631 0.14327 0.14327 1 1 0
7.52631 0.14327 0.14327 1 1 0
7.53631 0.14327 0.14327 1 1 0
7.54631 0.14327 0.14327 1 1 0
7.5563 0.14327 0.14327 1 1 0
7.5663 0.14327 0.14327 1 1 0
7.5763 0.14327 0.14327 1 1 0
7.5863 0.14327 0.14327 1 1 0
7.5963 0.14327 0.14327 1 1 0
7.6063 0.14327 0.14327 1 1 0
7.6163 0.14327 0.14327 1 1 0
7.6263 0.14327 0.14327 1 1 0
7.6363 0.14327 0.14327 1 1 0
7.6463 0.14327 0.14327 1 1 0
7.6563 0.14327 0.14327 1 1 0
7.6663 0.14327 0.14327 1 1 0
7.6763 0.14327 0.14327 1 1 0
7.6863 0.14327 0.14327 1 1 0
7.6963 0.14327 0.14327 1 1 0
7.7063 0.14327 0.14327 1 1 0
7.7163 0.14327 0.14327 1 1 0
7.7263 0.14327 0.14327 1 1 0
7.7363 0.14327 0.14327 1 1 0
7.7463 0.14327 0.14327 1 1 0
7.7563 0.14327 0.14327 1 1 0
7.76629 0.14327 0.14327 1 1 0
7.77629 0.14327 0.14327 1 1 0
7.78629 0.14327 0.14327 1 1 0
7.79629 0.14327 0.14327 1 1 0
7.80629 0.14327 0.14327 1 1 0
7.81629 0.14327 0.14327 1 1 0
7.82629 0.14327 0.14327 1 1 0
7.83629 0.14327 0.14327 1 1 0
7.84629 0.14327 0.14327 1 1 0
7.85629 0.14327 0.14327 1 1 0
7.86629 0.14327 0.14327 1 1 0
7.87629 0.14327 0.14327 1 1 0
7.88629 0.14327 0.14327 1 1 0
7.89629 0.14327 0.14327 1 1 0
7.90629 0.14327 0.14327 1 1 0
7.91629 0.14327 0.14327 1 1 0
7.92629 0.14327 0.14327 1 1 0
7.93629 0.14327 0.14327 1 1 0
7.94629 0.14327 0.14327 1 1 0
7.95629 0.14327 0.14327 1 1 0
7.96629 0.14327 0.14327 1 1 0
7.97629 0.14327 0.14327 1 1 0
7.98628 0.14327 0.14327 1 1 0
7.99628 0.14327 0.14327 1 1 0
8.00628 0.14327 0.14327 1 1 0
8.01628 0.14327 0.14327 1 1 0
8.02628 0.14327 0.14327 1 1 0
8.03628 0.14327 0.14327 1 1 0
8.04628 0.14327 0.14327 1 1 0
8.05628 0.14327 0.14327 1 1 0
8.06628 0.14327 0.14327 1 1 0
8.07628 0.14327 0.14327 1 1 0
8.08628 0.14327 0.14327 1 1 0
8.09628 0.14327 0.14327 1 1 0
8.10628 0.14327 0.14327 1 1 0
8.11628 0.14327 0.14327 1 1 0
8.12628 0.14327 0.14327 1 1 0
8.13628 0.14327 0.14327 1 1 0
8.14628 0.14327 0.14327 1 1 0
8.15628 0.14327 0.14327 1 1 0
8.16628 0.14327 0.14327 1 1 0
8.17628 0.14327 0.14327 1 1 0
8.18628 0.14327 0.14327 1 1 0
8.19628 0.14327 0.14327 1 1 0
8.20628 0.14327 0.14327 1 1 0
8.21627 0.14327 0.14327 1 1 0
8.22627 0.14327 0.14327 1 1 0
8.23627 0.14327 0.14327 1 1 0
8.24627 0.14327 0.14327 1 1 0
8.25627 0.14327 0.14327 1 1 0
8.26627 0.14327 0.14327 1 1 0
8.27627 0.14327 0.14327 1 1 0
8.28627 0.14327 0.14327 1 1 0
8.29627 0.14327 0.14327 1 1 0
8.30627 0.14327 0.14327 1 1 0
8.31627 0.14327 0.14327 1 1 0
8.32627 0.14327 0.14327 1 1 0
8.33627 0.14327 0.14327 1 1 0
8.34627 0.14327 0.14327 1 1 0
8.35627 0.14327 0.14327 1 1 0
8.36627 0.14327 0.14327 1 1 0
8.37627 0.14327 0.14327 1 1 0
8.38627 0.14327 0.14327 1 1 0
8.39627 0.14327 0.14327 1 1 0
8.40627 0.14327 0.14327 1 1 0
8.41627 0.14327 0.14327 1 1 0
8.42627 0.14327 0.14327 1 1 0
8.43627 0.14327 0.14327 1 1 0
8.44627 0.14327 0.14327 1 1 0
8.45627 0.14327 0.14327 1 1 0
8.46627 0.14327 0.14327 1 1 0
8.47626 0.14327 0.14327 1 1 0
8.48626 0.14327 0.14327 1 1 0
8.49626 0.14327 0.14327 1 1 0
8.50626 0.14327 0.14327 1 1 0
8.51626 0.14327 0.14327 1 1 0
8.52626 0.14327 0.14327 1 1 0
8.53626 0.14327 0.14327 1 1 0
8.54626 0.14327 0.14327 1 1 0
8.55626 0.14327 0.14327 1 1 0
8.56626 0.14327 0.14327 1 1 0
8.57626 0.14327 0.14327 1 1 0
8.58626 0.14327 0.14327 1 1 0
8.59626 0.14327 0.14327 1 1 0
8.60626 0.14327 0.14327 1 1 0
8.61626 0.14327 0.14327 1 1 0
8.62626 0.14327 0.14327 1 1 0
8.63626 0.14327 0.14327 1 1 0
8.64626 0.14327 0.14327 1 1 0
8.65626 0.14327 0.14327 1 1 0
8.66626 0.14327 0.14327 1 1 0
8.67626 0.14327 0.14327 1 1 0
8.68626 0.14327 0.14327 1 1 0
8.69626 0.14327 0.14327 1 1 0
8.70626 0.14327 0.14327 1 1 0
8.71626 0.14327 0.14327 1 1 0
8.72626 0.14327 0.14327 1 1 0
8.73626 0.14327 0.14327 1 1 0
8.74625 0.14327 0.14327 1 1 0
8.75625 0.14327 0.14327 1 1 0
8.76625 0.14327 0.14327 1 1 0
8.77625 0.14327 0.14327 1 1 0
8.78625 0.14327 0.14327 1 1 0
8.79625 0.14327 0.14327 1 1 0
8.80625 0.14327 0.14327 1 1 0
8.81625 0.14327 0.14327 1 1 0
8.82625 0.14327 0.14327 1 1 0
8.83625 0.14327 0.14327 1 1 0
8.84625 0.14327 0.14327 1 1 0
8.85625 0.14327 0.14327 1 1 0
8.86625 0.14327 0.14327 1 1 0
8.87625 0.14327 0.14327 1 1 0
8.88625 0.14327 0.14327 1 1 0
8.89625 0.14327 0.14327 1 1 0
8.90625 0.14327 0.14327 1 1 0
8.91625 0.14327 0.14327 1 1 0
8.92625 0.14327 0.14327 1 1 0
8.93625 0.14327 0.14327 1 1 0
8.94625 0.14327 0.14327 1 1 0
8.95625 0.14327 0.14327 1 1 0
8.96625 0.14327 0.14327 1 1 0
8.97625 0.14327 0.14327 1 1 0
8.98625 0.14327 0.14327 1 1 0
8.99625 0.14327 0.14327 1 1 0
9.00625 0.14327 0.14327 1 1 0
9.01625 0.14327 0.14327 1 1 0
9.02625 0.14327 0.14327 1 1 0
9.03625 0.14327 0.14327 1 1 0
9.04624 0.14327 0.14327 1 1 0
9.05624 0.14327 0.14327 1 1 0
9.06624 0.14327 0.14327 1 1 0
9.07624 0.14327 0.14327 1 1 0
9.08624 0.14327 0.14327 1 1 0
9.09624 0.14327 0.14327 1 1 0
9.10624 0.14327 0.14327 1 1 0
9.11624 0.14327 0.14327 1 1 0
9.12624 0.14327 0.14327 1 1 0
9.13624 0.14327 0.14327 1 1 0
9.14624 0.14327 0.14327 1 1 0
9.15624 0.14327 0.14327 1 1 0
9.16624 0.14327 0.14327 1 1 0
9.17624 0.14327 0.14327 1 1 0
9.18624 0.14327 0.14327 1 1 0
9.19624 0.14327 0.14327 1 1 0
9.20624 0.14327 0.14327 1 1 0
9.21624 0.14327 0.14327 1 1 0
9.22624 0.14327 0.14327 1 1 0
9.23624 0.14327 0.14327 1 1 0
9.24624 0.14327 0.14327 1 1 0
9.25624 0.14327 0.14327 1 1 0
9.26624 0.14327 0.14327 1 1 0
9.27624 0.14327 0.14327 1 1 0
9.28624 0.14327 0.14327 1 1 0
9.29624 0.14327 0.14327 1 1 0
9.30624 0.14327 0.14327 1 1 0
9.31624 0.14327 0.14327 1 1 0
9.32624 0.14327 0.14327 1 1 0
9.33624 0.14327 0.14327 1 1 0
9.34624 0.14327 0.14327 1 1 0
9.35624 0.14327 0.14327 1 1 0
9.36624 0.14327 0.14327 1 1 0
9.37624 0.14327 0.14327 1 1 0
9.38623 0.14327 0.14327 1 1 0
9.39623 0.14327 0.14327 1 1 0
9.40623 0.14327 0.14327 1 1 0
9.41623 0.14327 0.14327 1 1 0
9.42623 0.14327 0.14327 1 1 0
9.43623 0.14327 0.14327 1 1 0
9.44623 0.14327 0.14327 1 1 0
9.45623 0.14327 0.14327 1 1 0
9.46623 0.14327 0.14327 1 1 0
9.47623 0.14327 0.14327 1 1 0
9.48623 0.14327 0.14327 1 1 0
9.49623 0.14327 0.14327 1 1 0
9.50623 0.14327 0.14327 1 1 0
9.51623 0.14327 0.14327 1 1 0
9.52623 0.14327 0.14327 1 1 0
9.53623 0.14327 0.14327 1 1 0
9.54623 0.14327 0.14327 1 1 0
9.55623 0.14327 0.14327 1 1 0
9.56623 0.14327 0.14327 1 1 0
9.57623 0.14327 0.14327 1 1 0
9.58623 0.14327 0.14327 1 1 0
9.59623 0.14327 0.14327 1 1 0
9.60623 0.14327 0.14327 1 1 0
9.61623 0.14327 0.14327 1 1 0
9.62623 0.14327 0.14327 1 1 0
9.63623 0.14327 0.14327 1 1 0
9.64623 0.14327 0.14327 1 1 0
9.65623 0.14327 0.14327 1 1 0
9.66623 0.14327 0.14327 1 1 0
9.67623 0.14327 0.14327 1 1 0
9.68623 0.14327 0.14327 1 1 0
9.69623 0.14327 0.14327 1 1 0
9.70623 0.14327 0.14327 1 1 0
9.71623 0.14327 0.14327 1 1 0
9.72623 0.14327 0.14327 1 1 0
9.73623 0.14327 0.14327 1 1 0
9.74622 0.14327 0.14327 1 1 0
9.75622 0.14327 0.14327 1 1 0
9.76622 0.14327 0.14327 1 1 0
9.77622 0.14327 0.14327 1 1 0
9.78622 0.14327 0.14327 1 1 0
9.79622 0.14327 0.14327 1 1 0
9.80622 0.14327 0.14327 1 1 0
9.81622 0.14327 0.14327 1 1 0
9.82622 0.14327 0.14327 1 1 0
9.83622 0.14327 0.14327 1 1 0
9.84622 0.14327 0.14327 1 1 0
9.85622 0.14327 0.14327 1 1 0
9.86622 0.14327 0.14327 1 1 0
9.87622 0.14327 0.14327 1 1 0
9.88622 0.14327 0.14327 1 1 0
9.89622 0.14327 0.14327 1 1 0
9.90622 0.14327 0.14327 1 1 0
9.91622 0.14327 0.14327 1 1 0
9.92622 0.14327 0.14327 1 1 0
9.93622 0.14327 0.14327 1 1 0
9.94622 0.14327 0.14327 1 1 0
9.95622 0.14327 0.14327 1 1 0
9.96622 0.14327 0.14327 1 1 0
9.97622 0.14327 0.14327 1 1 0
9.98622 0.14327 0.14327 1 1 0
9.99622 0.14327 0.14327 1 1 0
10.0062 0.14327 0.14327 1 1 0
0.0117267 0.0872938 0.0872938 4 2 0
0.0117269 0.0876753 0.0869184 3 2 0
0.0117277 0.0882472 0.0863773 3 2 0
0.0117303 0.0890508 0.0856573 3 2 0
0.0117349 0.0898215 0.0850059 3 2 0
0.0117418 0.0905494 0.0844208 3 2 0
0.0117514 0.0912446 0.0838851 3 2 0
0.0117642 0.0919166 0.0833853 3 2 0
0.0117869 0.0927945 0.0827536 3 2 0
0.0118158 0.0936339 0.0821665 4 2 0
0.0118768 0.0949437 0.0812732 4 2 0
0.0119446 0.0960639 0.0805212 4 2 0
0.0120166 0.0970606 0.0798566 4 2 0
0.0120917 0.0979712 0.0792504 4 2 0
0.012169 0.0988184 0.078686 4 2 0
0.0122481 0.0996168 0.0781528 4 2 0
0.0123285 0.100377 0.0776434 4 2 0
0.0124101 0.101108 0.0771525 4 2 0
0.0124927 0.101816 0.0766756 4 2 0
0.012576 0.102508 0.0762091 4 2 0
0.0126598 0.103192 0.0757497 4 2 0
0.012744 0.103874 0.075294 4 2 0
0.0128282 0.104564 0.0748384 4 2 0
0.0129121 0.105274 0.0743788 4 2 0
0.0129826 0.105904 0.0739817 4 2 0
0.0130637 0.106705 0.0734982 4 2 0
0.0131409 0.107615 0.0729841 4 2 0
0.013187 0.108327 0.0726147 4 2 0
0.0132342 0.109777 0.0719657 4 2 0
0.0132312 0.110535 0.0716879 4 2 0
0.0131497 0.11279 0.0710365 4 2 0
0.0131022 0.115182 0.0703348 4 2 0
0.0131017 0.115238 0.0703179 4 2 0
0.0130953 0.117029 0.0697749 4 2 0
0.0130953 0.117313 0.0696896 4 2 0
0.0130953 0.117326 0.0696857 4 2 0
0.0130976 0.11908 0.0691705 4 2 0
0.0131027 0.120857 0.0686708 4 2 0
0.013109 0.122677 0.0681835 4 2 0
0.013116 0.124556 0.0677069 4 2 0
0.013116 0.124558 0.0677064 4 2 0
0.0131234 0.126509 0.0672394 4 2 0
0.0131311 0.128546 0.0667808 4 2 0
0.013139 0.130673 0.0663318 4 2 0
0.0131472 0.132926 0.0658877 4 2 0
0.0131544 0.13495 0.0655149 4 2 0
0.0131632 0.13748 0.0650819 4 2 0
0.0131722 0.140202 0.0646539 4 2 0
0.0131817 0.143158 0.0642305 4 2 0
0.0131916 0.1464 0.0638114 4 2 0
0.013202 0.150005 0.063396 4 2 0
0.0132025 0.150181 0.0633769 4 2 0
0.0132136 0.154275 0.0629654 4 2 0
0.0132251 0.158812 0.0625724 4 2 0
0.0132382 0.164374 0.0621685 4 2 0
0.0132529 0.171222 0.0617698 4 2 0
0.0132532 0.171373 0.0617621 4 2 0
0.0132705 0.180284 0.0613753 4 2 0
0.0132926 0.192946 0.0610134 4 2 0
0.0133246 0.212608 0.0607518 4 2 0
0.0133614 0.234356 0.0607537 4 2 0
0.0133889 0.249178 0.0608881 4 2 0
0.013413 0.26121 0.0610649 4 2 0
0.0134354 0.271793 0.061266 4 2 0
0.0134531 0.279737 0.0614435 4 2 0
0.0134737 0.28869 0.0616694 4 2 0
0.0134737 0.288714 0.0616701 4 2 0
0.0134936 0.297057 0.0619049 4 2 0
0.0134968 0.298376 0.0619441 4 2 0
0.013516 0.306144 0.0621868 4 2 0
0.0135347 0.313503 0.0624348 4 2 0
0.013553 0.320504 0.0626872 4 2 0
0.0135531 0.320559 0.0626892 4 2 0
0.0135709 0.327239 0.0629454 4 2 0
0.0135883 0.333633 0.0632047 4 2 0
0.0136054 0.339752 0.0634661 4 2 0
0.0136221 0.345648 0.0637305 4 2 0
0.0136333 0.349506 0.0639105 4 2 0
0.0136495 0.355032 0.064178 4 2 0
0.0136663 0.360624 0.0644607 4 2 0
0.0136821 0.365745 0.0647311 4 2 0
0.0136828 0.365974 0.0647435 4 2 0
0.0136982 0.370898 0.0650149 4 2 0
0.0137135 0.375647 0.065287 4 2 0
0.0137226 0.378448 0.0654528 4 2 0
0.0137375 0.382915 0.0657256 4 2 0
0.0137522 0.387217 0.0659986 4 2 0
0.0137667 0.391355 0.0662715 4 2 0
0.013781 0.395327 0.0665441 4 2 0
0.0137951 0.399134 0.0668162 4 2 0
0.0138091 0.402777 0.0670875 4 2 0
0.0138212 0.405852 0.0673258 4 2 0
0.0138347 0.409179 0.0675946 4 2 0
0.0138481 0.412338 0.0678618 4 2 0
0.0138755 0.418379 0.0684154 4 2 0
0.0138881 0.420962 0.0686747 4 2 0
0.0139006 0.423337 0.0689303 4 2 0
0.0139127 0.42549 0.0691816 4 2 0
0.0139245 0.427397 0.0694276 4 2 0
0.0139359 0.429028 0.0696672 4 2 0
0.0139473 0.43033 0.0698985 4 2 0
0.0139618 0.431214 0.0701169 3 2 0
0.013997 0.431592 0.0703097 3 2 0
0.0140815 0.431615 0.0704534 3 2 0
0.014212 0.431582 0.0705425 3 2 0
0.0143728 0.43161 0.0705931 3 2 0
0.0145558 0.43172 0.0706172 3 2 0
0.0147568 0.431907 0.0706217 3 2 0
0.0149732 0.432158 0.0706105 3 2 0
0.0152031 0.432472 0.0705866 3 2 0
0.0154452 0.432838 0.0705518 3 2 0
0.0156986 0.433246 0.0705076 3 2 0
0.0159626 0.433698 0.0704553 3 2 0
0.0162367 0.434188 0.0703958 3 2 0
0.0165204 0.434712 0.07033 3 2 0
0.0168133 0.435265 0.0702584 3 2 0
0.0171152 0.435845 0.0701818 3 2 0
0.0174258 0.43645 0.0701005 3 2 0
0.0177449 0.437082 0.070015 3 2 0
0.0180724 0.437736 0.0699257 3 2 0
0.0184081 0.438409 0.0698329 3 2 0
0.0187521 0.439105 0.0697371 3 2 0
0.0191041 0.439818 0.0696382 3 2 0
0.0194642 0.44055 0.0695368 3 2 0
0.0198324 0.441299 0.0694328 3 2 0
0.0202086 0.442065 0.0693268 3 2 0
0.0205929 0.442848 0.0692186 3 2 0
0.0209854 0.44365 0.0691086 3 2 0
0.0213861 0.444465 0.0689969 3 2 0
0.021795 0.445296 0.0688836 3 2 0
0.0222124 0.446143 0.0687688 3 2 0
0.0226382 0.447004 0.0686527 3 2 0
0.0230726 0.447879 0.0685355 3 2 0
0.0235157 0.448769 0.068417 3 2 0
0.0239676 0.449671 0.0682976 3 2 0
0.0244286 0.450587 0.0681773 3 2 0
0.0248986 0.451518 0.0680561 3 2 0
0.025378 0.452458 0.0679341 3 2 0
0.0258668 0.453414 0.0678115 3 2 0
0.0263652 0.454378 0.0676881 3 2 0
0.0268733 0.455355 0.0675642 3 2 0
0.0273914 0.456342 0.0674398 3 2 0
0.0279196 0.457341 0.0673149 3 2 0
0.0284581 0.458346 0.0671896 3 2 0
0.029007 0.459364 0.067064 3 2 0
0.0295665 0.460391 0.0669379 3 2 0
0.0301368 0.461424 0.0668117 3 2 0
0.0307181 0.462468 0.0666852 3 2 0
0.0313105 0.463515 0.0665584 3 2 0
0.0319143 0.464574 0.0664316 3 2 0
0.0325296 0.465638 0.0663045 3 2 0
0.0331565 0.466707 0.0661774 3 2 0
0.0337952 0.467782 0.0660501 3 2 0
0.034446 0.468865 0.0659229 3 2 0
0.0351089 0.469949 0.0657955 3 2 0
0.0357841 0.47104 0.0656682 3 2 0
0.0364718 0.472135 0.0655409 3 2 0
0.0371722 0.473232 0.0654136 3 2 0
0.0378853 0.474337 0.0652864 3 2 0
0.0386114 0.475442 0.0651592 3 2 0
0.0393506 0.476549 0.0650322 3 2 0
0.040103 0.477659 0.0649053 3 2 0
0.0408687 0.478773 0.0647785 3 2 0
0.0416478 0.479886 0.0646518 3 2 0
0.0424405 0.481002 0.0645253 3 2 0
0.0432469 0.48212 0.064399 3 2 0
0.044067 0.483239 0.0642728 3 2 0
0.0449009 0.484356 0.0641469 3 2 0
0.0457487 0.485474 0.0640212 3 2 0
0.0466105 0.486596 0.0638957 3 2 0
0.0474862 0.487715 0.0637704 3 2 0
0.0483758 0.488833 0.0636452 3 2 0
0.0492795 0.489952 0.0635204 3 2 0
0.0501971 0.491071 0.0633959 3 2 0
0.0511285 0.492187 0.0632717 3 2 0
0.0520738 0.493302 0.0631476 3 2 0
0.0530329 0.494415 0.0630239 3 2 0
0.0540055 0.495528 0.0629004 3 2 0
0.0549915 0.49664 0.0627772 3 2 0
0.0559907 0.497746 0.0626544 3 2 0
0.057003 0.498854 0.0625318 3 2 0
0.058028 0.499959 0.0624096 3 2 0
0.0590653 0.501059 0.0622877 3 2 0
0.0601147 0.502161 0.0621661 3 2 0
0.0611756 0.503256 0.0620448 3 2 0
0.0622477 0.50435 0.0619238 3 2 0
0.0633303 0.505441 0.0618032 3 2 0
0.0644229 0.50653 0.0616829 3 2 0
0.0655247 0.507615 0.0615629 3 2 0
0.0666349 0.508696 0.0614433 3 2 0
0.0677528 0.509774 0.061324 3 2 0
0.0688773 0.510849 0.0612051 3 2 0
0.0700074 0.51192 0.0610866 3 2 0
0.0711419 0.51299 0.0609683 3 2 0
0.0722796 0.514053 0.0608504 3 2 0
0.073419 0.515116 0.0607329 3 2 0
0.0745585 0.516172 0.0606157 3 2 0
0.0756964 0.517227 0.0604989 3 2 0
0.076831 0.518276 0.0603826 3 2 0
0.0779601 0.519325 0.0602666 3 2 0
0.0790815 0.520369 0.0601511 3 2 0
0.0801929 0.521411 0.0600358 3 2 0
0.0812917 0.522447 0.0599211 3 2 0
0.082375 0.523481 0.0598069 3 2 0
0.08344 0.524515 0.0596931 3 2 0
0.0844834 0.525544 0.05958 3 2 0
0.0855018 0.526569 0.0594675 3 2 0
0.0864918 0.527597 0.0593557 3 2 0
0.0874496 0.52862 0.0592447 3 2 0
0.0883714 0.529642 0.0591346 3 2 0
0.0892533 0.530664 0.0590257 3 2 0
0.0900916 0.531685 0.0589181 3 2 0
0.0908826 0.532707 0.0588123 3 2 0
0.0916231 0.533728 0.0587082 3 2 0
0.0923106 0.534756 0.0586066 3 2 0
0.0929438 0.535787 0.0585082 3 2 0
0.0935229 0.536821 0.0584137 3 2 0
0.0940507 0.537869 0.0583239 3 2 0
0.0942491 0.538288 0.0582895 3 2 0
0.0947141 0.539349 0.0582084 4 2 0
0.0951455 0.540426 0.058135 4 2 0
0.0955538 0.541516 0.0580709 4 2 0
0.0959496 0.542632 0.0580176 4 2 0
0.0963423 0.543773 0.0579772 4 2 0
0.0967387 0.544944 0.0579514 4 2 0
0.0971439 0.546149 0.0579438 4 2 0
0.0975617 0.547399 0.0579579 4 2 0
0.097996 0.548702 0.0580003 4 2 0
0.0984521 0.550071 0.0580802 4 2 0
0.0989376 0.551533 0.0582136 4 2 0
0.099466 0.553114 0.0584296 4 2 0
0.100063 0.554862 0.0587877 4 2 0
0.100788 0.556809 0.0594406 4 2 0
0.101763 0.558548 0.0607794 4 2 0
0.103066 0.558075 0.0630088 4 2 0
0.104269 0.555475 0.0648955 4 2 0
0.104967 0.553477 0.0658685 4 2 0
0.105572 0.551568 0.0666531 4 2 0
0.106127 0.549698 0.067335 4 2 0
0.106647 0.547857 0.0679471 4 2 0
0.107141 0.546043 0.0685078 4 2 0
0.107614 0.544246 0.0690291 4 2 0
0.108068 0.542468 0.0695185 4 2 0
0.108508 0.540702 0.0699815 4 2 0
0.108934 0.538949 0.0704225 4 2 0
0.109152 0.538032 0.0706466 4 2 0
0.10956 0.536294 0.0710601 4 2 0
0.109957 0.534562 0.0714582 4 2 0
0.110344 0.532841 0.0718429 4 2 0
0.110722 0.531125 0.0722153 4 2 0
0.111091 0.529416 0.0725771 4 2 0
0.111453 0.527715 0.072929 4 2 0
0.111806 0.526017 0.0732719 4 2 0
0.112152 0.524328 0.0736066 4 2 0
0.112491 0.522643 0.0739337 4 2 0
0.112824 0.520963 0.0742537 4 2 0
0.11315 0.519287 0.0745672 4 2 0
0.11347 0.517616 0.0748746 4 2 0
0.113784 0.515953 0.0751761 4 2 0
0.114093 0.514292 0.0754724 4 2 0
0.114396 0.512635 0.0757633 4 2 0
0.114693 0.510986 0.0760494 4 2 0
0.114986 0.50934 0.0763311 4 2 0
0.115274 0.507702 0.0766081 4 2 0
0.115557 0.506065 0.0768811 4 2 0
0.115836 0.504436 0.0771499 4 2 0
0.11611 0.502809 0.077415 4 2 0
0.11638 0.501189 0.0776763 4 2 0
0.116647 0.499573 0.0779339 4 2 0
0.116909 0.497964 0.0781881 4 2 0
0.117168 0.496359 0.078439 4 2 0
0.117423 0.494758 0.0786866 4 2 0
0.117674 0.493163 0.078931 4 2 0
0.117922 0.491575 0.0791724 4 2 0
0.118168 0.48999 0.0794108 4 2 0
0.11841 0.488412 0.0796463 4 2 0
0.118649 0.486839 0.0798789 4 2 0
0.118886 0.485271 0.0801087 4 2 0
0.11912 0.48371 0.0803359 4 2 0
0.119351 0.482152 0.0805603 4 2 0
0.11958 0.480603 0.0807823 4 2 0
0.119807 0.479056 0.0810015 4 2 0
0.120032 0.477517 0.0812183 4 2 0
0.120254 0.475983 0.0814326 4 2 0
0.120475 0.474454 0.0816444 4 2 0
0.120694 0.472932 0.0818539 4 2 0
0.120912 0.471414 0.0820611 4 2 0
0.121128 0.469903 0.0822658 4 2 0
0.121342 0.468397 0.0824684 4 2 0
0.121555 0.466897 0.0826685 4 2 0
0.121767 0.465403 0.0828665 4 2 0
0.121978 0.463915 0.0830624 4 2 0
0.122188 0.462429 0.083256 4 2 0
0.122397 0.460954 0.0834475 4 2 0
0.122605 0.459482 0.0836369 4 2 0
0.122812 0.458014 0.0838242 4 2 0
0.123019 0.456555 0.0840093 4 2 0
0.123225 0.455097 0.0841925 4 2 0
0.123431 0.453649 0.0843736 4 2 0
0.123636 0.452203 0.0845526 4 2 0
0.123841 0.450763 0.0847297 4 2 0
0.124046 0.449331 0.0849048 4 2 0
0.124251 0.4479 0.085078 4 2 0
0.124456 0.446478 0.0852493 4 2 0
0.124661 0.445057 0.0854186 4 2 0
0.124866 0.443645 0.0855861 4 2 0
0.125071 0.442234 0.0857517 4 2 0
0.125277 0.44083 0.0859155 4 2 0
0.125483 0.439431 0.0860774 4 2 0
0.125689 0.438034 0.0862375 4 2 0
0.125896 0.436643 0.0863958 4 2 0
0.126103 0.435257 0.0865523 4 2 0
0.126311 0.433872 0.0867071 4 2 0
0.12652 0.432495 0.0868602 4 2 0
0.12673 0.43112 0.0870116 4 2 0
0.12694 0.429749 0.0871613 4 2 0
0.127151 0.428382 0.0873093 4 2 0
0.127364 0.427016 0.0874557 4 2 0
0.127577 0.425656 0.0876003 4 2 0
0.127791 0.424298 0.0877435 4 2 0
0.128007 0.422942 0.087885 4 2 0
0.128223 0.421591 0.088025 4 2 0
0.128441 0.420239 0.0881634 4 2 0
0.12866 0.418893 0.0883003 4 2 0
0.12888 0.417547 0.0884358 4 2 0
0.129102 0.416205 0.0885697 4 2 0
0.129325 0.414862 0.0887022 4 2 0
0.129549 0.413521 0.0888332 4 2 0
0.129775 0.412183 0.0889629 4 2 0
0.130003 0.410846 0.0890912 4 2 0
0.130232 0.409508 0.0892182 4 2 0
0.130462 0.408173 0.0893438 4 2 0
0.130694 0.406837 0.0894681 4 2 0
0.130928 0.4055 0.0895911 4 2 0
0.131164 0.404163 0.0897129 4 2 0
0.131401 0.402828 0.0898335 4 2 0
0.13164 0.401491 0.0899529 4 2 0
0.131881 0.400152 0.0900711 4 2 0
0.132124 0.398813 0.0901882 4 2 0
0.132368 0.397473 0.0903042 4 2 0
0.132614 0.396129 0.0904192 4 2 0
0.132863 0.394785 0.0905331 4 2 0
0.133113 0.393439 0.0906459 4 2 0
0.133365 0.392089 0.0907578 4 2 0
0.133619 0.390735 0.0908688 4 2 0
0.133875 0.389379 0.0909789 4 2 0
0.134133 0.388019 0.0910881 4 2 0
0.134393 0.386657 0.0911964 4 2 0
0.134656 0.385288 0.0913039 4 2 0
0.13492 0.383915 0.0914107 4 2 0
0.135186 0.382538 0.0915167 4 2 0
0.135455 0.381155 0.0916221 4 2 0
0.135725 0.379766 0.0917268 4 2 0
0.135998 0.37837 0.0918309 4 2 0
0.136273 0.376969 0.0919344 4 2 0
0.13655 0.37556 0.0920373 4 2 0
0.136829 0.374143 0.0921398 4 2 0
0.137111 0.372719 0.0922418 4 2 0
0.137395 0.371287 0.0923434 4 2 0
0.137681 0.369846 0.0924447 4 2 0
0.137969 0.368396 0.0925458 4 2 0
0.13826 0.366936 0.0926465 4 2 0
0.138553 0.365466 0.092747 4 2 0
0.138848 0.363987 0.0928474 4 2 0
0.139146 0.362496 0.0929476 4 2 0
0.139446 0.360994 0.0930479 4 2 0
0.139749 0.359478 0.0931481 4 2 0
0.140053 0.357951 0.0932484 4 2 0
0.140361 0.356412 0.0933488 4 2 0
0.140671 0.354859 0.0934494 4 2 0
0.140983 0.353291 0.0935503 4 2 0
0.141298 0.351709 0.0936514 4 2 0
0.141615 0.350112 0.0937531 4 2 0
0.141935 0.348499 0.0938551 4 2 0
0.142258 0.34687 0.0939577 4 2 0
0.142583 0.345222 0.0940608 4 2 0
0.142911 0.343559 0.0941647 4 2 0
0.143242 0.341877 0.0942694 4 2 0
0.143576 0.340175 0.0943749 4 2 0
0.143912 0.338454 0.0944814 4 2 0
0.144251 0.336713 0.0945889 4 2 0
0.144593 0.334949 0.0946976 4 2 0
0.144939 0.333165 0.0948076 4 2 0
0.145287 0.331358 0.0949189 4 2 0
0.145638 0.329528 0.0950317 4 2 0
0.145993 0.327673 0.0951461 4 2 0
0.146351 0.325793 0.0952622 4 2 0
0.146712 0.323887 0.0953801 4 2 0
0.147077 0.321954 0.0955001 4 2 0
0.147445 0.319994 0.0956223 4 2 0
0.147817 0.318006 0.0957468 4 2 0
0.148193 0.315987 0.0958737 4 2 0
0.148573 0.313939 0.0960033 4 2 0
0.148957 0.311857 0.0961358 4 2 0
0.149345 0.309744 0.0962713 4 2 0
0.149737 0.307597 0.0964102 4 2 0
0.150134 0.305415 0.0965526 4 2 0
0.150536 0.303197 0.0966988 4 2 0
0.150943 0.300942 0.096849 4 2 0
0.151355 0.298647 0.0970036 4 2 0
0.151772 0.296313 0.0971629 4 2 0
0.152195 0.293938 0.0973273 4 2 0
0.152624 0.291519 0.0974971 4 2 0
0.153058 0.289057 0.0976728 4 2 0
0.153499 0.28655 0.0978547 4 2 0
0.153946 0.283994 0.0980435 4 2 0
0.1544 0.281389 0.0982397 4 2 0
0.154861 0.278735 0.0984439 4 2 0
0.155329 0.276028 0.0986569 4 2 0
0.155804 0.273266 0.0988793 4 2 0
0.156286 0.270449 0.0991121 4 2 0
0.156776 0.267573 0.0993562 4 2 0
0.157274 0.264637 0.0996127 4 2 0
0.157779 0.261638 0.0998828 4 2 0
0.158291 0.258575 0.100168 4 2 0
0.15881 0.255444 0.10047 4 2 0
0.159336 0.252244 0.10079 4 2 0
0.159868 0.248971 0.10113 4 2 0
0.160406 0.245623 0.101494 4 2 0
0.160948 0.242198 0.101883 4 2 0
0.161494 0.238692 0.102301 4 2 0
0.162041 0.235102 0.102751 4 2 0
0.162587 0.231424 0.103239 4 2 0
0.163131 0.227654 0.103768 4 2 0
0.163668 0.223791 0.104346 4 2 0
0.164194 0.219827 0.104981 4 2 0
0.164704 0.215756 0.105681 4 2 0
0.165191 0.211575 0.106458 4 2 0
0.165646 0.207272 0.107328 4 2 0
0.166057 0.202838 0.108309 4 2 0
0.166405 0.198257 0.109427 4 2 0
0.166667 0.193508 0.110719 4 2 0
0.166803 0.188556 0.112238 4 2 0
0.166811 0.187114 0.112718 4 2 0
0.166689 0.181824 0.114651 4 2 0
0.166217 0.176136 0.117092 4 2 0
0.165094 0.169815 0.120381 4 2 0
0.16253 0.162259 0.125398 4 2 0
0.157212 0.152233 0.134255 4 2 0
0.155048 0.146816 0.139696 4 2 0
0.154604 0.143478 0.143057 3 2 0
0.15878 0.155099 0.131495 4 2 0
0.159731 0.156784 0.129945 4 2 0
0.163639 0.16499 0.123425 4 2 0
0.16566 0.172478 0.11891 4 2 0
0.166471 0.178577 0.115992 4 2 0
0.166773 0.184095 0.113786 4 2 0
0.166811 0.187116 0.112717 4 2 0
0.16672 0.19213 0.111123 4 2 0
0.166489 0.196934 0.109773 4 2 0
0.166162 0.201561 0.108609 4 2 0
0.165767 0.206035 0.107592 4 2 0
0.165323 0.210374 0.106693 4 2 0
0.164844 0.214589 0.105892 4 2 0
0.16434 0.218689 0.105171 4 2 0
0.163817 0.222683 0.104519 4 2 0
0.163283 0.226575 0.103926 4 2 0
0.162741 0.230371 0.103383 4 2 0
0.162195 0.234074 0.102885 4 2 0
0.161648 0.237688 0.102424 4 2 0
0.161102 0.241217 0.101998 4 2 0
0.160559 0.244666 0.101601 4 2 0
0.16002 0.248035 0.10123 4 2 0
0.159486 0.251328 0.100884 4 2 0
0.158958 0.254549 0.100558 4 2 0
0.158437 0.257699 0.100251 4 2 0
0.157922 0.260782 0.0999616 4 2 0
0.157415 0.263798 0.0996874 4 2 0
0.156916 0.266752 0.0994271 4 2 0
0.156424 0.269645 0.0991797 4 2 0
0.155939 0.272478 0.0989438 4 2 0
0.155462 0.275256 0.0987186 4 2 0
0.154992 0.277978 0.0985031 4 2 0
0.154529 0.280646 0.0982965 4 2 0
0.154073 0.283266 0.098098 4 2 0
0.153624 0.285834 0.0979072 4 2 0
0.153182 0.288355 0.0977233 4 2 0
0.152745 0.29083 0.097546 4 2 0
0.152315 0.29326 0.0973746 4 2 0
0.151891 0.295647 0.0972087 4 2 0
0.151472 0.297993 0.0970481 4 2 0
0.151059 0.300299 0.0968921 4 2 0
0.15065 0.302565 0.0967407 4 2 0
0.150247 0.304794 0.0965934 4 2 0
0.149849 0.306986 0.09645 4 2 0
0.149455 0.309143 0.0963101 4 2 0
0.149066 0.311266 0.0961737 4 2 0
0.14868 0.313355 0.0960404 4 2 0
0.148299 0.315413 0.0959099 4 2 0
0.147923 0.31744 0.0957823 4 2 0
0.147549 0.319437 0.0956572 4 2 0
0.14718 0.321406 0.0955343 4 2 0
0.146814 0.323346 0.0954138 4 2 0
0.146452 0.325259 0.0952952 4 2 0
0.146093 0.327146 0.0951786 4 2 0
0.145738 0.329007 0.0950637 4 2 0
0.145385 0.330845 0.0949505 4 2 0
0.145036 0.332659 0.0948388 4 2 0
0.14469 0.334449 0.0947285 4 2 0
0.144347 0.336218 0.0946194 4 2 0
0.144007 0.337965 0.0945116 4 2 0
0.14367 0.339691 0.0944048 4 2 0
0.143336 0.341398 0.094299 4 2 0
0.143004 0.343086 0.0941941 4 2 0
0.142675 0.344757 0.0940901 4 2 0
0.142349 0.346408 0.0939867 4 2 0
0.142026 0.348042 0.0938839 4 2 0
0.141705 0.349659 0.0937817 4 2 0
0.141387 0.35126 0.09368 4 2 0
0.141072 0.352847 0.0935787 4 2 0
0.140758 0.354419 0.0934778 4 2 0
0.140448 0.355977 0.0933771 4 2 0
0.14014 0.35752 0.0932766 4 2 0
0.139834 0.35905 0.0931763 4 2 0
0.139531 0.360567 0.093076 4 2 0
0.13923 0.362073 0.0929758 4 2 0
0.138932 0.363568 0.0928756 4 2 0
0.138636 0.365051 0.0927752 4 2 0
0.138342 0.366524 0.0926748 4 2 0
0.138051 0.367986 0.0925742 4 2 0
0.137762 0.369439 0.0924733 4 2 0
0.137475 0.370882 0.0923721 4 2 0
0.137191 0.372317 0.0922705 4 2 0
0.136909 0.373743 0.0921686 4 2 0
0.136629 0.375161 0.0920662 4 2 0
0.136351 0.376571 0.0919634 4 2 0
0.136075 0.377976 0.09186 4 2 0
0.135802 0.379373 0.0917561 4 2 0
0.135531 0.380763 0.0916517 4 2 0
0.135262 0.382149 0.0915465 4 2 0
0.134995 0.383528 0.0914407 4 2 0
0.13473 0.384902 0.0913341 4 2 0
0.134467 0.386271 0.0912267 4 2 0
0.134206 0.387635 0.0911186 4 2 0
0.133948 0.388997 0.0910097 4 2 0
0.133691 0.390353 0.0908999 4 2 0
0.133436 0.391707 0.0907892 4 2 0
0.133184 0.393057 0.0906776 4 2 0
0.132933 0.394406 0.090565 4 2 0
0.132684 0.395752 0.0904514 4 2 0
0.132437 0.397095 0.0903367 4 2 0
0.132192 0.398436 0.090221 4 2 0
0.131949 0.399775 0.0901042 4 2 0
0.131708 0.401113 0.0899864 4 2 0
0.131468 0.40245 0.0898673 4 2 0
0.131231 0.403788 0.0897471 4 2 0
0.130995 0.405124 0.0896255 4 2 0
0.13076 0.40646 0.0895029 4 2 0
0.130528 0.407795 0.0893789 4 2 0
0.130296 0.409132 0.0892537 4 2 0
0.130067 0.410469 0.0891272 4 2 0
0.129839 0.411806 0.0889993 4 2 0
0.129613 0.413145 0.0888699 4 2 0
0.129388 0.414485 0.0887392 4 2 0
0.129164 0.415825 0.0886071 4 2 0
0.128942 0.417169 0.0884736 4 2 0
0.128722 0.418513 0.0883386 4 2 0
0.128502 0.41986 0.0882021 4 2 0
0.128284 0.42121 0.0880641 4 2 0
0.128067 0.422562 0.0879246 4 2 0
0.127852 0.423915 0.0877835 4 2 0
0.127637 0.425272 0.0876408 4 2 0
0.127424 0.426633 0.0874965 4 2 0
0.127211 0.427996 0.0873506 4 2 0
0.127 0.429363 0.0872032 4 2 0
0.126789 0.430734 0.087054 4 2 0
0.126579 0.432106 0.0869031 4 2 0
0.12637 0.433485 0.0867504 4 2 0
0.126162 0.434866 0.0865962 4 2 0
0.125954 0.436252 0.0864401 4 2 0
0.125747 0.437642 0.0862823 4 2 0
0.125541 0.439036 0.0861227 4 2 0
0.125335 0.440436 0.0859612 4 2 0
0.125129 0.441838 0.0857981 4 2 0
0.124924 0.443246 0.085633 4 2 0
0.124719 0.44466 0.085466 4 2 0
0.124514 0.446077 0.0852972 4 2 0
0.124309 0.447499 0.0851265 4 2 0
0.124104 0.448927 0.0849539 4 2 0
0.123899 0.45036 0.0847793 4 2 0
0.123694 0.451796 0.0846027 4 2 0
0.123489 0.453241 0.0844242 4 2 0
0.123283 0.45469 0.0842437 4 2 0
0.123077 0.456143 0.0840611 4 2 0
0.12287 0.457603 0.0838765 4 2 0
0.122663 0.459068 0.0836898 4 2 0
0.122455 0.460538 0.0835011 4 2 0
0.122247 0.462014 0.0833102 4 2 0
0.122037 0.463494 0.0831172 4 2 0
0.121827 0.464983 0.082922 4 2 0
0.121615 0.466474 0.0827245 4 2 0
0.121402 0.467974 0.082525 4 2 0
0.121188 0.469478 0.0823231 4 2 0
0.120973 0.470988 0.0821189 4 2 0
0.120756 0.472503 0.0819125 4 2 0
0.120537 0.474025 0.0817037 4 2 0
0.120317 0.475551 0.0814925 4 2 0
0.120095 0.477083 0.0812789 4 2 0
0.119871 0.478623 0.0810628 4 2 0
0.119644 0.480164 0.0808443 4 2 0
0.119416 0.481716 0.0806231 4 2 0
0.119185 0.48327 0.0803995 4 2 0
0.118952 0.484831 0.080173 4 2 0
0.118716 0.486396 0.079944 4 2 0
0.118478 0.487968 0.0797121 4 2 0
0.118236 0.489546 0.0794775 4 2 0
0.117992 0.491127 0.0792399 4 2 0
0.117744 0.492716 0.0789994 4 2 0
0.117494 0.494307 0.0787557 4 2 0
0.11724 0.495907 0.078509 4 2 0
0.116982 0.497511 0.0782592 4 2 0
0.116721 0.499118 0.0780058 4 2 0
0.116456 0.500732 0.0777492 4 2 0
0.116187 0.502353 0.077489 4 2 0
0.115914 0.503977 0.077225 4 2 0
0.115636 0.505604 0.0769573 4 2 0
0.115354 0.507239 0.0766854 4 2 0
0.115068 0.508879 0.0764096 4 2 0
0.114776 0.510521 0.0761293 4 2 0
0.11448 0.512171 0.0758444 4 2 0
0.114179 0.513826 0.0755548 4 2 0
0.113872 0.515484 0.0752601 4 2 0
0.113559 0.517148 0.0749602 4 2 0
0.113241 0.518814 0.0746545 4 2 0
0.112917 0.520488 0.0743427 4 2 0
0.112586 0.522168 0.0740246 4 2 0
0.112249 0.523853 0.0736995 4 2 0
0.111904 0.525542 0.073367 4 2 0
0.111553 0.527234 0.0730265 4 2 0
0.111194 0.528937 0.0726772 4 2 0
0.110827 0.530645 0.0723184 4 2 0
0.110452 0.532357 0.0719491 4 2 0
0.110067 0.534075 0.0715679 4 2 0
0.109673 0.535803 0.0711737 4 2 0
0.109274 0.537516 0.0707708 4 2 0
0.108859 0.539262 0.0703455 4 2 0
0.108431 0.541018 0.0699005 4 2 0
0.107989 0.542784 0.0694331 4 2 0
0.107531 0.544564 0.0689386 4 2 0
0.107055 0.546365 0.0684113 4 2 0
0.106557 0.548182 0.0678424 4 2 0
0.106031 0.550026 0.0672197 4 2 0
0.105469 0.551903 0.0665228 4 2 0
0.104854 0.553817 0.065716 4 2 0
0.104152 0.555781 0.0647242 4 2 0
0.103264 0.557751 0.0633377 4 2 0
0.101844 0.558619 0.0609111 4 2 0
0.100834 0.55692 0.0594918 4 2 0
0.100026 0.554756 0.0587609 4 2 0
0.0994012 0.552924 0.0583983 4 2 0
0.0988689 0.551329 0.0581914 4 2 0
0.098384 0.549868 0.0580658 4 2 0
0.0979294 0.548502 0.0579918 4 2 0
0.0974966 0.547204 0.0579541 4 2 0
0.0970802 0.54596 0.0579435 4 2 0
0.0966761 0.544757 0.0579545 4 2 0
0.0962803 0.54359 0.0579825 4 2 0
0.0958873 0.542456 0.0580253 4 2 0
0.0954899 0.541341 0.0580804 4 2 0
0.0950785 0.540253 0.0581461 4 2 0
0.0946421 0.53918 0.0582209 4 2 0
0.0942499 0.538293 0.0582893 3 2 0
0.0937418 0.537241 0.0583768 3 2 0
0.0931838 0.536204 0.0584696 3 2 0
0.0925725 0.535168 0.0585666 3 2 0
0.0919067 0.534142 0.058667 3 2 0
0.0911873 0.533119 0.05877 3 2 0
0.0904162 0.532096 0.0588751 3 2 0
0.0895965 0.531075 0.0589823 3 2 0
0.0887317 0.530052 0.0590907 3 2 0
0.0878255 0.52903 0.0592003 3 2 0
0.0868817 0.528008 0.0593108 3 2 0
0.0859043 0.526985 0.0594224 3 2 0
0.0848968 0.525958 0.0595346 3 2 0
0.0838631 0.524927 0.0596475 3 2 0
0.0828064 0.523899 0.059761 3 2 0
0.0817301 0.522863 0.059875 3 2 0
0.0806371 0.521828 0.0599896 3 2 0
0.0795305 0.520789 0.0601046 3 2 0
0.0784128 0.519745 0.06022 3 2 0
0.0772865 0.5187 0.0603358 3 2 0
0.0761539 0.51765 0.0604521 3 2 0
0.0750171 0.516598 0.0605687 3 2 0
0.073878 0.51554 0.0606856 3 2 0
0.0727384 0.514482 0.060803 3 2 0
0.0715998 0.513418 0.0609207 3 2 0
0.0704639 0.512352 0.0610389 3 2 0
0.0693318 0.511281 0.0611573 3 2 0
0.0682049 0.510207 0.061276 3 2 0
0.0670843 0.509131 0.0613952 3 2 0
0.0659708 0.508051 0.0615147 3 2 0
0.0648655 0.506966 0.0616346 3 2 0
0.0637692 0.505881 0.0617548 3 2 0
0.0626825 0.504791 0.0618752 3 2 0
0.0616061 0.503697 0.061996 3 2 0
0.0605406 0.502602 0.0621172 3 2 0
0.0594865 0.501504 0.0622386 3 2 0
0.0584443 0.500401 0.0623604 3 2 0
0.0574143 0.4993 0.0624825 3 2 0
0.0563969 0.498192 0.062605 3 2 0
0.0553924 0.497086 0.0627277 3 2 0
0.054401 0.495976 0.0628507 3 2 0
0.0534229 0.494862 0.0629742 3 2 0
0.0524584 0.493751 0.0630978 3 2 0
0.0515076 0.492636 0.0632217 3 2 0
0.0505705 0.49152 0.0633458 3 2 0
0.0496474 0.490401 0.0634703 3 2 0
0.0487381 0.489284 0.063595 3 2 0
0.0478428 0.488166 0.0637199 3 2 0
0.0469615 0.487044 0.0638451 3 2 0
0.0460941 0.485927 0.0639706 3 2 0
0.0452407 0.484808 0.0640962 3 2 0
0.0444012 0.483689 0.0642221 3 2 0
0.0435755 0.482569 0.0643481 3 2 0
0.0427636 0.481453 0.0644744 3 2 0
0.0419654 0.480337 0.0646009 3 2 0
0.0411808 0.47922 0.0647275 3 2 0
0.0404097 0.478108 0.0648542 3 2 0
0.039652 0.476994 0.0649811 3 2 0
0.0389075 0.475888 0.0651081 3 2 0
0.0381762 0.474781 0.0652352 3 2 0
0.0374579 0.473676 0.0653624 3 2 0
0.0367524 0.472577 0.0654896 3 2 0
0.0360596 0.47148 0.0656169 3 2 0
0.0353793 0.470389 0.0657442 3 2 0
0.0347115 0.469301 0.0658716 3 2 0
0.0340558 0.468217 0.0659989 3 2 0
0.0334123 0.467141 0.0661261 3 2 0
0.0327806 0.466067 0.0662533 3 2 0
0.0321607 0.465 0.0663804 3 2 0
0.0315523 0.463943 0.0665073 3 2 0
0.0309554 0.462889 0.0666341 3 2 0
0.0303696 0.461844 0.0667607 3 2 0
0.0297949 0.460806 0.0668872 3 2 0
0.029231 0.459776 0.0670132 3 2 0
0.0286779 0.458756 0.067139 3 2 0
0.0281352 0.457744 0.0672645 3 2 0
0.0276029 0.456744 0.0673896 3 2 0
0.0270808 0.45575 0.0675141 3 2 0
0.0265687 0.454771 0.0676383 3 2 0
0.0260664 0.453799 0.0677618 3 2 0
0.0255737 0.452843 0.0678848 3 2 0
0.0250906 0.451895 0.0680071 3 2 0
0.0246168 0.450961 0.0681286 3 2 0
0.0241522 0.450039 0.0682493 3 2 0
0.0236967 0.449131 0.0683691 3 2 0
0.02325 0.448236 0.0684879 3 2 0
0.0228121 0.447355 0.0686057 3 2 0
0.0223829 0.446486 0.0687222 3 2 0
0.0219621 0.445636 0.0688375 3 2 0
0.0215498 0.444797 0.0689514 3 2 0
0.0211458 0.443977 0.0690638 3 2 0
0.0207501 0.443168 0.0691745 3 2 0
0.0203625 0.44238 0.0692835 3 2 0
0.019983 0.441606 0.0693904 3 2 0
0.0196116 0.440848 0.0694952 3 2 0
0.0192482 0.44011 0.0695976 3 2 0
0.018893 0.43939 0.0696975 3 2 0
0.0185458 0.438685 0.0697947 3 2 0
0.0182067 0.438003 0.0698888 3 2 0
0.0178759 0.437343 0.0699795 3 2 0
0.0175534 0.436704 0.0700665 3 2 0
0.0172393 0.436084 0.0701495 3 2 0
0.0169339 0.435494 0.0702281 3 2 0
0.0166374 0.434931 0.0703018 3 2 0
0.01635 0.434394 0.07037 3 2 0
0.016072 0.433891 0.0704321 3 2 0
0.0158039 0.433424 0.0704874 3 2 0
0.0155462 0.432998 0.070535 3 2 0
0.0152995 0.432614 0.0705737 3 2 0
0.0150646 0.43228 0.0706023 3 2 0
0.0148427 0.431999 0.0706189 3 2 0
0.0146355 0.431788 0.0706211 3 2 0
0.0144451 0.431646 0.0706057 3 2 0
0.0142753 0.431584 0.0705672 3 2 0
0.0141325 0.431594 0.0704971 3 2 0
0.0140278 0.431625 0.0703809 3 2 0
0.0139726 0.431438 0.0702049 3 2 0
0.0139524 0.43075 0.06999 4 2 0
0.0139405 0.4296 0.069762 4 2 0
0.0139292 0.428092 0.0695253 4 2 0
0.0139175 0.426292 0.0692816 4 2 0
0.0139055 0.424232 0.0690322 4 2 0
0.0138932 0.421944 0.0687783 4 2 0
0.0138806 0.419445 0.0685203 4 2 0
0.0138678 0.416743 0.0682591 4 2 0
0.0138547 0.413857 0.0679952 4 2 0
0.0138546 0.413827 0.0679926 4 2 0
0.0138413 0.410757 0.0677264 4 2 0
0.0138311 0.408292 0.0675217 4 2 0
0.0138175 0.404917 0.0672525 4 2 0
0.0138037 0.401375 0.0669819 4 2 0
0.0138029 0.401184 0.0669674 4 2 0
0.0137889 0.397467 0.0666958 4 2 0
0.0137747 0.393585 0.0664235 4 2 0
0.0137747 0.393581 0.066423 4 2 0
0.0137603 0.389536 0.0661502 4 2 0
0.013759 0.389172 0.0661262 4 2 0
0.0137444 0.38495 0.0658533 4 2 0
0.0137305 0.380811 0.0655957 4 2 0
0.0137155 0.376261 0.065323 4 2 0
0.0137003 0.371538 0.0650508 4 2 0
0.0136849 0.36667 0.0647812 4 2 0
0.0136693 0.361586 0.0645106 4 2 0
0.0136533 0.356309 0.0642413 4 2 0
0.0136371 0.35083 0.0639734 4 2 0
0.0136207 0.345141 0.0637072 4 2 0
0.0136165 0.343668 0.0636404 4 2 0
0.0135996 0.337697 0.0633768 4 2 0
0.0135824 0.331476 0.0631156 4 2 0
0.0135652 0.325123 0.0628627 4 2 0
0.0135473 0.318346 0.0626077 4 2 0
0.0135424 0.31647 0.0625398 4 2 0
0.0135239 0.309267 0.0622898 4 2 0
0.0135049 0.301677 0.0620448 4 2 0
0.0134854 0.293634 0.0618058 4 2 0
0.0134652 0.285051 0.0615743 4 2 0
0.0134568 0.281386 0.0614831 4 2 0
0.0134355 0.271811 0.0612664 4 2 0
0.0134356 0.271851 0.0612673 4 2 0
0.0134132 0.261299 0.0610665 4 2 0
0.0133893 0.249354 0.0608903 4 2 0
0.013363 0.235262 0.0607591 4 2 0
0.0133327 0.217565 0.060729 4 2 0
0.0132973 0.195764 0.0609565 4 2 0
0.0132712 0.180658 0.0613617 4 2 0
0.0132534 0.17145 0.0617581 4 2 0
0.0132527 0.171117 0.0617753 4 2 0
0.0132381 0.164299 0.0621734 4 2 0
0.013225 0.158739 0.0625783 4 2 0
0.013213 0.154048 0.0629868 4 2 0
0.0132019 0.149979 0.0633987 4 2 0
0.0131915 0.146377 0.0638143 4 2 0
0.0131917 0.14645 0.0638053 4 2 0
0.0131818 0.143203 0.0642243 4 2 0
0.0131723 0.140237 0.0646487 4 2 0
0.0131633 0.137513 0.0650766 4 2 0
0.0131545 0.134958 0.0655135 4 2 0
0.013146 0.132588 0.0659522 4 2 0
0.0131379 0.130353 0.0663973 4 2 0
0.0131378 0.130348 0.0663983 4 2 0
0.0131299 0.128229 0.0668503 4 2 0
0.0131223 0.126206 0.0673102 4 2 0
0.0131193 0.125422 0.0674962 4 2 0
0.0131121 0.123513 0.0679683 4 2 0
0.0131054 0.121667 0.0684506 4 2 0
0.0131056 0.121724 0.0684356 4 2 0
0.0130998 0.119928 0.068929 4 2 0
0.0130966 0.118594 0.0693114 4 2 0
0.0130955 0.116839 0.0698319 4 2 0
0.0131034 0.115036 0.0703792 4 2 0
0.013136 0.11321 0.0709191 4 2 0
0.0132231 0.110905 0.0715671 4 2 0
0.0132354 0.110025 0.0718701 4 2 0
0.0132062 0.108715 0.0724268 4 2 0
0.013139 0.10759 0.0729977 4 2 0
0.0130612 0.106678 0.073514 4 2 0
0.0129797 0.105878 0.0739979 4 2 0
0.0128965 0.105139 0.074465 4 2 0
0.0128125 0.104434 0.0749236 4 2 0
0.0127283 0.103746 0.075379 4 2 0
0.0126441 0.103064 0.0758352 4 2 0
0.0125603 0.10238 0.0762957 4 2 0
0.0124772 0.101685 0.0767638 4 2 0
0.0123948 0.100973 0.077243 4 2 0
0.0123134 0.100238 0.0777371 4 2 0
0.0122332 0.0994708 0.0782504 4 2 0
0.0121544 0.0986641 0.0787888 4 2 0
0.0120775 0.0978065 0.0793601 4 2 0
0.0120029 0.0968818 0.0799756 4 2 0
0.0119315 0.0958658 0.0806537 4 2 0
0.0118649 0.0947172 0.0814263 4 2 0
0.0118055 0.0933584 0.0823578 4 2 0
0.0117581 0.0916198 0.0836041 3 2 0
0.0117299 0.0889457 0.085749 3 2 0
0.0117268 0.0874539 0.0871347 4 2 0
0.0117547 0.0914388 0.083739 3 2 0
0.0117592 0.0916765 0.083562 3 2 0
0.0118068 0.0933939 0.0823331 4 2 0
0.0118666 0.0947501 0.081404 4 2 0
0.0119335 0.0958952 0.080634 4 2 0
0.0120049 0.0969085 0.0799579 4 2 0
0.0120796 0.0978311 0.0793437 4 2 0
0.0121566 0.0986872 0.0787735 4 2 0
0.0122354 0.0994926 0.0782358 4 2 0
0.0123156 0.100258 0.0777231 4 2 0
0.0123971 0.100993 0.0772295 4 2 0
0.0124795 0.101705 0.0767507 4 2 0
0.0125627 0.102399 0.0762828 4 2 0
0.0126464 0.103083 0.0758225 4 2 0
0.0127306 0.103765 0.0753664 4 2 0
0.0128149 0.104453 0.0749111 4 2 0
0.0128988 0.105159 0.0744524 4 2 0
0.0129005 0.105173 0.0744431 4 2 0
0.0129836 0.105914 0.0739758 4 2 0
0.0130648 0.106716 0.0734917 4 2 0
0.0131418 0.107628 0.072977 4 2 0
0.0132085 0.108771 0.0724005 4 2 0
0.0132354 0.110029 0.0718686 4 2 0
0.0132353 0.109999 0.0718799 4 2 0
0.0131746 0.112165 0.0712067 4 2 0
0.0131096 0.114478 0.0705479 4 2 0
0.0130964 0.116322 0.0699884 4 2 0
0.0130953 0.117305 0.069692 4 2 0
0.0130953 0.117323 0.0696867 4 2 0
0.0130976 0.119077 0.0691714 4 2 0
