0 0.0368338 0.0368338 2 1 0
0.000199985 0.0368347 0.0368347 1 1 0
0.000399971 0.0368357 0.0368357 1 1 0
0.000799941 0.0368375 0.0368375 1 1 0
0.00159988 0.0368413 0.0368413 1 1 0
0.00319976 0.0368488 0.0368488 1 1 0
0.00639952 0.0368639 0.0368639 1 1 0
0.012799 0.0368948 0.0368948 1 1 0
0.0227982 0.0369446 0.0369446 1 1 0
0.0327972 0.0369966 0.0369966 1 1 0
0.0427962 0.0370506 0.0370506 1 1 0
0.0527951 0.0371068 0.0371068 1 1 0
0.062794 0.0371652 0.0371652 1 1 0
0.0727927 0.037226 0.037226 1 1 0
0.0827913 0.0372892 0.0372892 1 1 0
0.0927897 0.0373548 0.0373548 1 1 0
0.102788 0.0374231 0.0374231 1 1 0
0.112786 0.037494 0.037494 1 1 0
0.122784 0.0375677 0.0375677 1 1 0
0.132782 0.0376443 0.0376443 1 1 0
0.14278 0.0377239 0.0377239 1 1 0
0.152777 0.0378067 0.0378067 1 1 0
0.162775 0.0378928 0.0378928 1 1 0
0.172772 0.0379824 0.0379824 1 1 0
0.182768 0.0380756 0.0380756 1 1 0
0.192765 0.0381727 0.0381727 1 1 0
0.202761 0.0382739 0.0382739 1 1 0
0.212757 0.0383793 0.0383793 1 1 0
0.222752 0.0384893 0.0384893 1 1 0
0.232747 0.0386042 0.0386042 1 1 0
0.242741 0.0387243 0.0387243 1 1 0
0.252735 0.03885 0.03885 1 1 0
0.262728 0.0389817 0.0389817 1 1 0
0.27272 0.0391199 0.0391199 1 1 0
0.282711 0.0392652 0.0392652 1 1 0
0.292701 0.0394183 0.0394183 1 1 0
0.30269 0.0395798 0.0395798 1 1 0
0.312677 0.0397509 0.0397509 1 1 0
0.322663 0.0399325 0.0399325 1 1 0
0.332646 0.0401261 0.0401261 1 1 0
0.342627 0.0403333 0.0403333 1 1 0
0.352603 0.0405563 0.0405563 1 1 0
0.362576 0.0407979 0.0407979 1 1 0
0.372542 0.0410616 0.0410616 1 1 0
0.3825 0.0413525 0.0413525 1 1 0
0.392446 0.0416778 0.0416778 1 1 0
0.402374 0.0420485 0.0420485 1 1 0
0.41227 0.0424831 0.0424831 1 1 0
0.422105 0.0430154 0.0430154 1 1 0
0.431792 0.0437258 0.0437258 1 1 0
0.440781 0.0449244 0.0449244 1 1 0
0.442698 0.0458815 0.0458815 2 1 0
0.440483 0.046994 0.046994 2 1 0
0.436315 0.0478457 0.0478457 2 1 0
0.431247 0.0486018 0.0486018 2 1 0
0.423314 0.0495724 0.0495724 2 1 0
0.414392 0.0505261 0.0505261 2 1 0
0.405403 0.051416 0.051416 2 1 0
0.396403 0.0522686 0.0522686 2 1 0
0.387428 0.0531016 0.0531016 2 1 0
0.378503 0.0539253 0.0539253 2 1 0
0.369648 0.054747 0.054747 2 1 0
0.360884 0.0555721 0.0555721 2 1 0
0.352234 0.0564044 0.0564044 2 1 0
0.343718 0.0572472 0.0572472 2 1 0
0.335357 0.058103 0.058103 2 1 0
0.327176 0.0589733 0.0589733 2 1 0
0.319199 0.0598594 0.0598594 2 1 0
0.311453 0.0607617 0.0607617 2 1 0
0.303963 0.06168 0.06168 2 1 0
0.296753 0.0626138 0.0626138 2 1 0
0.289846 0.0635617 0.0635617 2 1 0
0.283261 0.0645222 0.0645222 2 1 0
0.277015 0.0654932 0.0654932 2 1 0
0.271118 0.0664725 0.0664725 2 1 0
0.265576 0.0674579 0.0674579 2 1 0
0.260389 0.068447 0.068447 2 1 0
0.255553 0.0694379 0.0694379 2 1 0
0.25106 0.0704287 0.0704287 2 1 0
0.246897 0.0714179 0.0714179 2 1 0
0.243051 0.0724041 0.0724041 2 1 0
0.239505 0.0733864 0.0733864 2 1 0
0.236242 0.0743641 0.0743641 2 1 0
0.233246 0.0753369 0.0753369 2 1 0
0.230499 0.0763045 0.0763045 2 1 0
0.227984 0.0772669 0.0772669 2 1 0
0.225686 0.0782241 0.0782241 2 1 0
0.223591 0.0791766 0.0791766 2 1 0
0.221683 0.0801245 0.0801245 2 1 0
0.21995 0.0810683 0.0810683 2 1 0
0.21838 0.0820085 0.0820085 2 1 0
0.216963 0.0829456 0.0829456 2 1 0
0.215688 0.0838801 0.0838801 2 1 0
0.214546 0.0848126 0.0848126 2 1 0
0.21353 0.0857437 0.0857437 2 1 0
0.212631 0.0866741 0.0866741 2 1 0
0.211842 0.0876044 0.0876044 2 1 0
0.211159 0.088535 0.088535 2 1 0
0.210575 0.0894667 0.0894667 2 1 0
0.210085 0.0904002 0.0904002 2 1 0
0.209685 0.091336 0.091336 2 1 0
0.209371 0.0922749 0.0922749 2 1 0
0.20914 0.0932175 0.0932175 2 1 0
0.208987 0.0941644 0.0941644 2 1 0
0.208912 0.0951164 0.0951164 2 1 0
0.208902 0.095619 0.095619 2 1 0
0.208938 0.0965801 0.0965801 2 1 0
0.209045 0.0975481 0.0975481 2 1 0
0.209222 0.0985237 0.0985237 2 1 0
0.209467 0.0995077 0.0995077 2 1 0
0.209779 0.100501 0.100501 2 1 0
0.210157 0.101504 0.101504 2 1 0
0.210601 0.102518 0.102518 2 1 0
0.21111 0.103544 0.103544 2 1 0
0.211684 0.104582 0.104582 2 1 0
0.212323 0.105634 0.105634 2 1 0
0.213029 0.106701 0.106701 2 1 0
0.213801 0.107783 0.107783 2 1 0
0.21464 0.108883 0.108883 2 1 0
0.215548 0.11 0.11 2 1 0
0.216526 0.111136 0.111136 2 1 0
0.217576 0.112293 0.112293 2 1 0
0.218699 0.113472 0.113472 2 1 0
0.219899 0.114675 0.114675 2 1 0
0.221178 0.115902 0.115902 2 1 0
0.22254 0.117156 0.117156 2 1 0
0.223986 0.118439 0.118439 2 1 0
0.225523 0.119752 0.119752 2 1 0
0.227153 0.121097 0.121097 2 1 0
0.228882 0.122478 0.122478 2 1 0
0.230716 0.123895 0.123895 2 1 0
0.23266 0.125352 0.125352 2 1 0
0.234721 0.126851 0.126851 2 1 0
0.236906 0.128395 0.128395 2 1 0
0.239225 0.129987 0.129987 2 1 0
0.241686 0.131631 0.131631 2 1 0
0.244299 0.133329 0.133329 2 1 0
0.247075 0.135086 0.135086 2 1 0
0.250027 0.136905 0.136905 2 1 0
0.253168 0.13879 0.13879 2 1 0
0.256511 0.140745 0.140745 2 1 0
0.260072 0.142773 0.142773 2 1 0
0.263867 0.144879 0.144879 2 1 0
0.267913 0.147066 0.147066 2 1 0
0.272227 0.149336 0.149336 2 1 0
0.276825 0.151691 0.151691 2 1 0
0.281724 0.154134 0.154134 2 1 0
0.286938 0.156662 0.156662 2 1 0
0.292479 0.159274 0.159274 2 1 0
0.294972 0.160426 0.160426 1 1 0
0.300994 0.16315 0.16315 1 1 0
0.307353 0.165944 0.165944 1 1 0
0.314047 0.168799 0.168799 1 1 0
0.321066 0.171703 0.171703 1 1 0
0.328394 0.174643 0.174643 1 1 0
0.336011 0.177608 0.177608 1 1 0
0.343896 0.180583 0.180583 1 1 0
0.352022 0.183556 0.183556 1 1 0
0.360366 0.186516 0.186516 1 1 0
0.3689 0.189452 0.189452 1 1 0
0.377603 0.192356 0.192356 1 1 0
0.386452 0.195221 0.195221 1 1 0
0.395427 0.198042 0.198042 1 1 0
0.404512 0.200815 0.200815 1 1 0
0.413692 0.203537 0.203537 1 1 0
0.422954 0.206206 0.206206 1 1 0
0.432286 0.208823 0.208823 1 1 0
0.441682 0.211385 0.211385 1 1 0
0.45113 0.213895 0.213895 1 1 0
0.460625 0.216352 0.216352 1 1 0
0.470161 0.218756 0.218756 1 1 0
0.479732 0.22111 0.22111 1 1 0
0.489335 0.223414 0.223414 1 1 0
0.498965 0.22567 0.22567 1 1 0
0.508621 0.227879 0.227879 1 1 0
0.518299 0.230043 0.230043 1 1 0
0.527997 0.232163 0.232163 1 1 0
0.537713 0.23424 0.23424 1 1 0
0.547445 0.236277 0.236277 1 1 0
0.557192 0.238274 0.238274 1 1 0
0.566952 0.240232 0.240232 1 1 0
0.576725 0.242154 0.242154 1 1 0
0.586509 0.24404 0.24404 1 1 0
0.596303 0.245891 0.245891 1 1 0
0.606107 0.247709 0.247709 1 1 0
0.61592 0.249496 0.249496 1 1 0
0.625741 0.251251 0.251251 1 1 0
0.63557 0.252976 0.252976 1 1 0
0.645405 0.254672 0.254672 1 1 0
0.655247 0.25634 0.25634 1 1 0
0.665096 0.257981 0.257981 1 1 0
0.67495 0.259596 0.259596 1 1 0
0.684809 0.261185 0.261185 1 1 0
0.694674 0.26275 0.26275 1 1 0
0.704543 0.26429 0.26429 1 1 0
0.714417 0.265808 0.265808 1 1 0
0.724295 0.267304 0.267304 1 1 0
0.734177 0.268777 0.268777 1 1 0
0.744063 0.27023 0.27023 1 1 0
0.753953 0.271662 0.271662 1 1 0
0.763845 0.273075 0.273075 1 1 0
0.773742 0.274468 0.274468 1 1 0
0.783641 0.275842 0.275842 1 1 0
0.793543 0.277198 0.277198 1 1 0
0.803448 0.278537 0.278537 1 1 0
0.813355 0.279858 0.279858 1 1 0
0.823266 0.281163 0.281163 1 1 0
0.833178 0.282451 0.282451 1 1 0
0.843093 0.283723 0.283723 1 1 0
0.85301 0.28498 0.28498 1 1 0
0.862929 0.286222 0.286222 1 1 0
0.872851 0.28745 0.28745 1 1 0
0.882774 0.288663 0.288663 1 1 0
0.892699 0.289862 0.289862 1 1 0
0.902626 0.291047 0.291047 1 1 0
0.912554 0.292219 0.292219 1 1 0
0.922485 0.293379 0.293379 1 1 0
0.932416 0.294525 0.294525 1 1 0
0.94235 0.295659 0.295659 1 1 0
0.952285 0.296782 0.296782 1 1 0
0.962221 0.297892 0.297892 1 1 0
0.972159 0.298991 0.298991 1 1 0
0.982098 0.300079 0.300079 1 1 0
0.992038 0.301155 0.301155 1 1 0
1.00198 0.302221 0.302221 1 1 0
1.01192 0.303277 0.303277 1 1 0
1.02187 0.304322 0.304322 1 1 0
1.03181 0.305357 0.305357 1 1 0
1.04176 0.306382 0.306382 1 1 0
1.0517 0.307397 0.307397 1 1 0
1.06165 0.308403 0.308403 1 1 0
1.0716 0.3094 0.3094 1 1 0
1.08155 0.310387 0.310387 1 1 0
1.0915 0.311366 0.311366 1 1 0
1.10146 0.312336 0.312336 1 1 0
1.11141 0.313297 0.313297 1 1 0
1.12136 0.31425 0.31425 1 1 0
1.13132 0.315195 0.315195 1 1 0
1.14127 0.316132 0.316132 1 1 0
1.15123 0.31706 0.31706 1 1 0
1.16118 0.317981 0.317981 1 1 0
1.17114 0.318895 0.318895 1 1 0
1.1811 0.3198 0.3198 1 1 0
1.19106 0.320699 0.320699 1 1 0
1.20102 0.32159 0.32159 1 1 0
1.21098 0.322474 0.322474 1 1 0
1.22094 0.323351 0.323351 1 1 0
1.2309 0.324221 0.324221 1 1 0
1.24086 0.325085 0.325085 1 1 0
1.25083 0.325942 0.325942 1 1 0
1.26079 0.326792 0.326792 1 1 0
1.27075 0.327636 0.327636 1 1 0
1.28072 0.328473 0.328473 1 1 0
1.29068 0.329305 0.329305 1 1 0
1.30065 0.33013 0.33013 1 1 0
1.31062 0.330949 0.330949 1 1 0
1.32058 0.331763 0.331763 1 1 0
1.33055 0.33257 0.33257 1 1 0
1.34052 0.333372 0.333372 1 1 0
1.35048 0.334168 0.334168 1 1 0
1.36045 0.334959 0.334959 1 1 0
1.37042 0.335744 0.335744 1 1 0
1.38039 0.336524 0.336524 1 1 0
1.39036 0.337298 0.337298 1 1 0
1.40033 0.338067 0.338067 1 1 0
1.4103 0.338831 0.338831 1 1 0
1.42027 0.33959 0.33959 1 1 0
1.43024 0.340344 0.340344 1 1 0
1.44022 0.341093 0.341093 1 1 0
1.45019 0.341838 0.341838 1 1 0
1.46016 0.342577 0.342577 1 1 0
1.47013 0.343312 0.343312 1 1 0
1.48011 0.344042 0.344042 1 1 0
1.49008 0.344767 0.344767 1 1 0
1.50005 0.345488 0.345488 1 1 0
1.51003 0.346205 0.346205 1 1 0
1.52 0.346917 0.346917 1 1 0
1.52998 0.347624 0.347624 1 1 0
1.53995 0.348328 0.348328 1 1 0
1.54993 0.349027 0.349027 1 1 0
1.5599 0.349722 0.349722 1 1 0
1.56988 0.350413 0.350413 1 1 0
1.57985 0.3511 0.3511 1 1 0
1.58983 0.351782 0.351782 1 1 0
1.59981 0.352461 0.352461 1 1 0
1.60978 0.353136 0.353136 1 1 0
1.61976 0.353807 0.353807 1 1 0
1.62974 0.354474 0.354474 1 1 0
1.63972 0.355138 0.355138 1 1 0
1.6497 0.355797 0.355797 1 1 0
1.65967 0.356453 0.356453 1 1 0
1.66965 0.357106 0.357106 1 1 0
1.67963 0.357754 0.357754 1 1 0
1.68961 0.358399 0.358399 1 1 0
1.69959 0.359041 0.359041 1 1 0
1.70957 0.359679 0.359679 1 1 0
1.71955 0.360314 0.360314 1 1 0
1.72953 0.360945 0.360945 1 1 0
1.73951 0.361573 0.361573 1 1 0
1.74949 0.362198 0.362198 1 1 0
1.75947 0.362819 0.362819 1 1 0
1.76945 0.363438 0.363438 1 1 0
1.77943 0.364053 0.364053 1 1 0
1.78941 0.364664 0.364664 1 1 0
1.79939 0.365273 0.365273 1 1 0
1.80938 0.365879 0.365879 1 1 0
1.81936 0.366481 0.366481 1 1 0
1.82934 0.36708 0.36708 1 1 0
1.83932 0.367677 0.367677 1 1 0
1.8493 0.36827 0.36827 1 1 0
1.85929 0.368861 0.368861 1 1 0
1.86927 0.369448 0.369448 1 1 0
1.87925 0.370033 0.370033 1 1 0
1.88924 0.370615 0.370615 1 1 0
1.89922 0.371194 0.371194 1 1 0
1.9092 0.37177 0.37177 1 1 0
1.91919 0.372344 0.372344 1 1 0
1.92917 0.372915 0.372915 1 1 0
1.93915 0.373483 0.373483 1 1 0
1.94914 0.374048 0.374048 1 1 0
1.95912 0.374611 0.374611 1 1 0
1.9691 0.375171 0.375171 1 1 0
1.97909 0.375729 0.375729 1 1 0
1.98907 0.376284 0.376284 1 1 0
1.99906 0.376836 0.376836 1 1 0
2.00904 0.377386 0.377386 1 1 0
0.294972 0.160426 0.160426 4 4 0
0.294896 0.160521 0.160261 4 4 0
0.294902 0.160915 0.159869 3 4 0
0.294896 0.160472 0.160309 4 4 0
0.294899 0.160795 0.159988 4 4 0
0.294912 0.16128 0.15951 4 4 0
0.29495 0.162012 0.158798 4 4 0
0.295046 0.163114 0.157747 4 4 0
0.295273 0.16477 0.15621 4 4 0
0.295771 0.167237 0.154003 4 4 0
0.29648 0.169904 0.1517 4 4 0
0.297379 0.172789 0.149261 4 4 0
0.298433 0.175949 0.146597 4 4 0
0.299574 0.179453 0.143581 4 4 0
0.300659 0.183307 0.140103 4 4 0
0.301484 0.187278 0.136278 4 4 0
0.301973 0.191019 0.132443 4 4 0
0.302224 0.19447 0.128744 4 4 0
0.302374 0.198803 0.12394 4 4 0
0.302439 0.204059 0.117945 4 4 0
0.302456 0.208443 0.112817 4 4 0
0.302461 0.212163 0.108354 4 4 0
0.302463 0.214967 0.104911 4 4 0
0.302463 0.217581 0.101622 4 4 0
0.302464 0.218873 0.0999661 4 4 0
0.302464 0.220918 0.0972961 4 4 0
0.302464 0.22092 0.0972926 4 4 0
0.302464 0.222694 0.0949211 4 4 0
0.302464 0.222696 0.0949187 4 4 0
0.302464 0.224251 0.0927925 4 4 0
0.302464 0.224583 0.0923313 4 4 0
0.302464 0.224363 0.0926375 4 4 0
0.302464 0.225726 0.0907293 4 4 0
0.302464 0.226942 0.0889906 4 4 0
0.302464 0.228034 0.0873976 4 4 0
0.302464 0.22902 0.0859304 4 4 0
0.302464 0.229916 0.0845729 4 4 0
0.302464 0.230733 0.0833118 4 4 0
0.302464 0.231482 0.0821359 4 4 0
0.302464 0.232171 0.081036 4 4 0
0.302464 0.232807 0.0800041 4 4 0
0.302464 0.233396 0.0790336 4 4 0
0.302464 0.233942 0.0781186 4 4 0
0.302464 0.234036 0.0779596 4 4 0
0.302464 0.234539 0.077104 4 4 0
0.302464 0.234544 0.0770955 4 4 0
0.302464 0.235012 0.0762857 4 4 0
0.302464 0.235451 0.075517 4 4 0
0.302464 0.235862 0.0747874 4 4 0
0.302464 0.236248 0.0740933 4 4 0
0.302464 0.236611 0.0734322 4 4 0
0.302464 0.236952 0.0728019 4 4 0
0.302464 0.237275 0.0722003 4 4 0
0.302464 0.237421 0.0719244 4 4 0
0.302464 0.237717 0.0713622 4 4 0
0.302464 0.237997 0.0708244 4 4 0
0.302464 0.238262 0.0703099 4 4 0
0.302464 0.238512 0.0698174 4 4 0
0.302464 0.23875 0.0693457 4 4 0
0.302464 0.238813 0.0692192 4 4 0
0.302464 0.239035 0.0687728 4 4 0
0.302464 0.239231 0.0683747 4 4 0
0.302464 0.239431 0.0679637 4 4 0
0.302464 0.239622 0.0675698 4 4 0
0.302464 0.239802 0.0671925 4 4 0
0.302464 0.239973 0.0668311 4 4 0
0.302464 0.24013 0.0664973 4 4 0
0.302464 0.240284 0.0661661 4 4 0
0.302464 0.240431 0.0658493 4 4 0
0.302464 0.240569 0.0655468 4 4 0
0.302464 0.24057 0.0655456 4 4 0
0.302464 0.240701 0.065257 4 4 0
0.302464 0.240734 0.0651832 4 4 0
0.302464 0.240856 0.0649117 4 4 0
0.302464 0.240876 0.0648682 4 4 0
0.302464 0.240876 0.0648681 4 4 0
0.302464 0.24099 0.064612 4 4 0
0.302464 0.241083 0.0644026 4 4 0
0.302464 0.241095 0.0643753 4 4 0
0.302464 0.241196 0.0641446 4 4 0
0.302464 0.241292 0.0639263 4 4 0
0.302464 0.241381 0.0637204 4 4 0
0.302464 0.241465 0.0635267 4 4 0
0.302464 0.24151 0.0634216 4 4 0
0.302464 0.241584 0.0632472 4 4 0
0.302464 0.241653 0.0630846 4 4 0
0.302464 0.241717 0.0629338 4 4 0
0.302464 0.241776 0.0627947 4 4 0
0.302464 0.241829 0.0626672 4 4 0
0.302464 0.241877 0.0625509 4 4 0
0.302464 0.241921 0.0624458 4 4 0
0.302464 0.241937 0.0624065 4 4 0
0.302464 0.241974 0.0623167 4 4 0
0.302464 0.242007 0.0622369 4 4 0
0.302464 0.242035 0.0621672 4 4 0
0.302464 0.24206 0.0621069 4 4 0
0.302464 0.242081 0.0620555 4 4 0
0.302464 0.242099 0.0620125 4 4 0
0.302464 0.242113 0.061977 4 4 0
0.302464 0.242124 0.0619484 4 4 0
0.302464 0.242134 0.0619259 4 4 0
0.302464 0.242136 0.0619211 4 4 0
0.302464 0.242142 0.061905 4 4 0
0.302464 0.242146 0.0618949 4 4 0
0.302464 0.24215 0.0618859 4 4 0
0.302464 0.242152 0.0618796 4 4 0
0.302464 0.242152 0.0618796 4 4 0
0.302464 0.242154 0.0618755 4 4 0
0.302464 0.242155 0.0618729 4 4 0
0.302464 0.242155 0.0618714 4 4 0
0.302464 0.242156 0.0618706 4 4 0
0.302464 0.242156 0.0618701 4 4 0
0.302464 0.242156 0.0618699 4 4 0
0.302464 0.242156 0.0618699 4 4 0
0.302464 0.242156 0.0618698 4 4 0
0.302464 0.242156 0.0618698 4 4 0
0.302464 0.242156 0.0618698 4 4 0
0.302464 0.242156 0.0618698 4 4 0
0.302464 0.242156 0.0618698 4 4 0
0.302464 0.242156 0.0618698 4 4 0
0.302464 0.242156 0.0618698 4 4 0
0.302464 0.242156 0.0618698 4 4 0
0.302464 0.242155 0.0618698 4 4 0
0.302464 0.242156 0.0618698 4 4 0
0.302464 0.242156 0.0618698 4 4 0
0.302464 0.242156 0.0618698 4 4 0
0.302464 0.242156 0.0618698 4 4 0
0.302464 0.242156 0.0618698 4 4 0
0.302464 0.242156 0.0618698 4 4 0
0.302464 0.242156 0.0618698 4 4 0
0.302464 0.242156 0.0618698 4 4 0
0.302464 0.242156 0.0618698 4 4 0
0.302464 0.242156 0.0618698 4 4 0
0.302464 0.242156 0.0618698 4 4 0
0.302464 0.242156 0.0618698 4 4 0
0.302464 0.242156 0.0618698 4 4 0
0.302464 0.242156 0.0618698 4 4 0
0.302464 0.242156 0.0618698 4 4 0
0.302464 0.242156 0.0618698 4 4 0
0.302464 0.242156 0.0618698 4 4 0
0.302464 0.242156 0.0618698 4 4 0
0.302464 0.242156 0.0618698 4 4 0
0.302464 0.242156 0.0618698 4 4 0
0.302464 0.242156 0.0618698 4 4 0
0.302464 0.242156 0.0618698 4 4 0
0.302464 0.242156 0.0618698 4 4 0
0.302464 0.242156 0.0618698 4 4 0
0.302464 0.242156 0.0618698 4 4 0
0.302464 0.242156 0.0618698 4 4 0
0.302464 0.242156 0.0618698 4 4 0
0.302464 0.242156 0.0618698 4 4 0
0.302464 0.242156 0.0618698 4 4 0
0.302464 0.242156 0.0618698 4 4 0
0.302464 0.242156 0.0618698 4 4 0
0.302464 0.242156 0.0618698 4 4 0
0.302464 0.242156 0.0618698 4 4 0
0.302464 0.242156 0.0618698 4 4 0
0.302464 0.242156 0.0618698 4 4 0
0.302464 0.242156 0.0618698 4 4 0
0.302464 0.242156 0.0618698 4 4 0
0.302464 0.242156 0.0618698 4 4 0
0.302464 0.242156 0.0618698 4 4 0
0.302464 0.242156 0.0618698 4 4 0
0.302464 0.242156 0.0618698 4 4 0
0.302464 0.242156 0.0618698 4 4 0
0.302464 0.242156 0.0618698 4 4 0
0.302464 0.242156 0.0618698 4 4 0
0.302464 0.242156 0.0618698 4 4 0
0.302464 0.242156 0.0618698 4 4 0
0.302464 0.242156 0.0618698 4 4 0
0.302464 0.242156 0.0618698 4 4 0
0.302464 0.242156 0.0618698 4 4 0
0.302464 0.242156 0.0618698 4 4 0
0.302464 0.242156 0.0618698 4 4 0
0.302464 0.242156 0.0618698 4 4 0
0.302464 0.242156 0.0618698 4 4 0
0.302464 0.242156 0.0618698 4 4 0
0.302464 0.242156 0.0618698 4 4 0
0.302464 0.242156 0.0618698 4 4 0
0.302464 0.242156 0.0618698 4 4 0
0.302464 0.242156 0.0618698 4 4 0
0.302464 0.242156 0.0618698 4 4 0
0.302464 0.242156 0.0618698 4 4 0
0.302464 0.242156 0.0618698 4 4 0
0.302464 0.242156 0.0618698 4 4 0
0.302464 0.242156 0.0618698 4 4 0
0.302464 0.242156 0.0618698 4 4 0
0.302464 0.242156 0.0618698 4 4 0
0.302464 0.242155 0.0618698 4 4 0
0.302464 0.242156 0.0618698 4 4 0
0.302464 0.242156 0.0618698 4 4 0
0.302464 0.242156 0.0618698 4 4 0
0.302464 0.242156 0.0618698 4 4 0
0.302464 0.242156 0.0618698 4 4 0
0.302464 0.242156 0.0618698 4 4 0
0.302464 0.242156 0.0618698 4 4 0
0.302464 0.242156 0.0618698 4 4 0
0.302464 0.242156 0.0618698 4 4 0
0.302464 0.242156 0.0618698 4 4 0
0.302464 0.242156 0.0618698 4 4 0
0.302464 0.242156 0.0618698 4 4 0
0.302464 0.242156 0.0618698 4 4 0
0.302464 0.242156 0.0618698 4 4 0
0.302464 0.242156 0.0618698 4 4 0
0.302464 0.242156 0.0618698 4 4 0
0.302464 0.242156 0.0618698 4 4 0
0.302464 0.242156 0.0618698 4 4 0
0.302464 0.242156 0.0618698 4 4 0
0.302464 0.242156 0.0618698 4 4 0
0.302464 0.242156 0.0618698 4 4 0
0.302464 0.242156 0.0618698 4 4 0
0.302464 0.242156 0.0618698 4 4 0
0.302464 0.242156 0.0618698 4 4 0
0.302464 0.242156 0.0618698 4 4 0
0.302464 0.242156 0.0618698 4 4 0
0.302464 0.242156 0.0618698 4 4 0
0.302464 0.242156 0.0618698 4 4 0
0.302464 0.242156 0.0618698 4 4 0
0.302464 0.242156 0.0618698 4 4 0
0.302464 0.242156 0.0618698 4 4 0
0.302464 0.242156 0.0618698 4 4 0
0.302464 0.242156 0.0618698 4 4 0
0.302464 0.242156 0.0618698 4 4 0
0.302464 0.242156 0.0618698 4 4 0
0.302464 0.242156 0.0618698 4 4 0
0.302464 0.242156 0.0618698 4 4 0
0.302464 0.242156 0.0618698 4 4 0
0.302464 0.242156 0.0618698 4 4 0
0.302464 0.242156 0.0618698 4 4 0
0.302464 0.242156 0.0618698 4 4 0
0.302464 0.242156 0.0618698 4 4 0
0.302464 0.242156 0.0618698 4 4 0
0.302464 0.242156 0.0618698 4 4 0
0.302464 0.242156 0.0618698 4 4 0
0.302464 0.242156 0.0618698 4 4 0
0.302464 0.242156 0.0618698 4 4 0
0.302464 0.242156 0.0618698 4 4 0
0.302464 0.242156 0.0618698 4 4 0
0.302464 0.242156 0.0618698 4 4 0
0.302464 0.242156 0.0618698 4 4 0
0.302464 0.242156 0.0618698 4 4 0
0.302464 0.242156 0.0618698 4 4 0
0.302464 0.242155 0.0618698 4 4 0
0.302464 0.242156 0.0618698 4 4 0
0.302464 0.242156 0.0618698 4 4 0
0.302464 0.242156 0.0618698 4 4 0
0.302464 0.242156 0.0618698 4 4 0
0.302464 0.242156 0.0618698 4 4 0
0.302464 0.242156 0.0618698 4 4 0
0.302464 0.242156 0.0618698 4 4 0
0.302464 0.242156 0.0618698 4 4 0
0.302464 0.242156 0.0618698 4 4 0
0.302464 0.242156 0.0618698 4 4 0
0.302464 0.242156 0.0618698 4 4 0
0.302464 0.242156 0.0618698 4 4 0
0.302464 0.242156 0.0618698 4 4 0
0.302464 0.242156 0.0618698 4 4 0
0.302464 0.242156 0.0618698 4 4 0
0.302464 0.242156 0.0618698 4 4 0
0.302464 0.242156 0.0618698 4 4 0
0.302464 0.242156 0.0618698 4 4 0
0.302464 0.242156 0.0618698 4 4 0
0.302464 0.242156 0.0618698 4 4 0
0.302464 0.242156 0.0618698 4 4 0
0.302464 0.242156 0.0618698 4 4 0
0.302464 0.242156 0.0618698 4 4 0
0.302464 0.242156 0.0618698 4 4 0
0.302464 0.242156 0.0618698 4 4 0
0.302464 0.242156 0.0618698 4 4 0
0.302464 0.242156 0.0618698 4 4 0
0.302464 0.242156 0.0618698 4 4 0
0.302464 0.242156 0.0618698 4 4 0
0.302464 0.242156 0.0618698 4 4 0
0.302464 0.242156 0.0618698 4 4 0
0.302464 0.242156 0.0618698 4 4 0
0.302464 0.242156 0.0618698 4 4 0
0.302464 0.242156 0.0618698 4 4 0
0.302464 0.242156 0.0618698 4 4 0
0.302464 0.242156 0.0618698 4 4 0
0.302464 0.242156 0.0618698 4 4 0
0.302464 0.242156 0.0618698 4 4 0
0.302464 0.242156 0.0618698 4 4 0
0.302464 0.242156 0.0618698 4 4 0
0.302464 0.242156 0.0618698 4 4 0
0.302464 0.242156 0.0618698 4 4 0
0.302464 0.242156 0.0618698 4 4 0
0.302464 0.242156 0.0618698 4 4 0
0.302464 0.242156 0.0618698 4 4 0
0.302464 0.242156 0.0618698 4 4 0
0.302464 0.242156 0.0618698 4 4 0
0.302464 0.242156 0.0618698 4 4 0
0.302464 0.242156 0.0618698 4 4 0
0.302464 0.242156 0.0618698 4 4 0
0.302464 0.242156 0.0618698 4 4 0
0.302464 0.242156 0.0618698 4 4 0
0.302464 0.242156 0.0618698 4 4 0
0.302464 0.242156 0.0618698 4 4 0
0.302464 0.242156 0.0618698 4 4 0
0.302464 0.242156 0.0618698 4 4 0
0.302464 0.242156 0.0618698 4 4 0
0.302464 0.242156 0.0618698 4 4 0
0.302464 0.242156 0.0618698 4 4 0
0.302464 0.242156 0.0618698 4 4 0
0.302464 0.242156 0.0618698 4 4 0
0.302464 0.242156 0.0618698 4 4 0
0.302464 0.242155 0.0618698 4 4 0
0.302464 0.242156 0.0618698 4 4 0
0.302464 0.242156 0.0618698 4 4 0
0.302464 0.242156 0.0618698 4 4 0
0.302464 0.242156 0.0618698 4 4 0
0.302464 0.242156 0.0618698 4 4 0
0.302464 0.242156 0.0618698 4 4 0
0.302464 0.242156 0.0618698 4 4 0
0.302464 0.242156 0.0618698 4 4 0
0.302464 0.242156 0.0618698 4 4 0
0.302464 0.242156 0.0618698 4 4 0
0.302464 0.242156 0.0618698 4 4 0
0.302464 0.242156 0.0618698 4 4 0
0.302464 0.242156 0.0618698 4 4 0
