0 0.0370437 0.0370437 2 1 0
0.0002 0.0370437 0.0370437 1 1 0
0.0004 0.0370437 0.0370437 1 1 0
0.0008 0.0370437 0.0370437 1 1 0
0.0016 0.0370438 0.0370438 1 1 0
0.0032 0.0370439 0.0370439 1 1 0
0.0064 0.0370441 0.0370441 1 1 0
0.0128 0.037045 0.037045 1 1 0
0.0228 0.0370474 0.0370474 1 1 0
0.0328 0.0370509 0.0370509 1 1 0
0.0428 0.0370556 0.0370556 1 1 0
0.0528 0.0370614 0.0370614 1 1 0
0.0628 0.0370684 0.0370684 1 1 0
0.0728 0.0370766 0.0370766 1 1 0
0.0827999 0.037086 0.037086 1 1 0
0.0927999 0.0370965 0.0370965 1 1 0
0.1028 0.0371083 0.0371083 1 1 0
0.1128 0.0371212 0.0371212 1 1 0
0.1228 0.0371352 0.0371352 1 1 0
0.1328 0.0371505 0.0371505 1 1 0
0.1428 0.037167 0.037167 1 1 0
0.1528 0.0371846 0.0371846 1 1 0
0.162799 0.0372034 0.0372034 1 1 0
0.172799 0.0372234 0.0372234 1 1 0
0.182799 0.0372446 0.0372446 1 1 0
0.192799 0.037267 0.037267 1 1 0
0.202799 0.0372905 0.0372905 1 1 0
0.212799 0.0373152 0.0373152 1 1 0
0.222799 0.0373412 0.0373412 1 1 0
0.232798 0.0373683 0.0373683 1 1 0
0.242798 0.0373965 0.0373965 1 1 0
0.252798 0.037426 0.037426 1 1 0
0.262798 0.0374567 0.0374567 1 1 0
0.272798 0.0374885 0.0374885 1 1 0
0.282797 0.0375215 0.0375215 1 1 0
0.292797 0.0375557 0.0375557 1 1 0
0.302797 0.0375911 0.0375911 1 1 0
0.312796 0.0376276 0.0376276 1 1 0
0.322796 0.0376653 0.0376653 1 1 0
0.332795 0.0377042 0.0377042 1 1 0
0.342795 0.0377443 0.0377443 1 1 0
0.352795 0.0377855 0.0377855 1 1 0
0.362794 0.0378279 0.0378279 1 1 0
0.372793 0.0378714 0.0378714 1 1 0
0.382793 0.0379162 0.0379162 1 1 0
0.392792 0.0379621 0.0379621 1 1 0
0.402792 0.0380091 0.0380091 1 1 0
0.412791 0.0380573 0.0380573 1 1 0
0.42279 0.0381067 0.0381067 1 1 0
0.43279 0.0381572 0.0381572 1 1 0
0.442789 0.0382089 0.0382089 1 1 0
0.452788 0.0382617 0.0382617 1 1 0
0.462787 0.0383157 0.0383157 1 1 0
0.472786 0.0383708 0.0383708 1 1 0
0.482785 0.0384271 0.0384271 1 1 0
0.492784 0.0384845 0.0384845 1 1 0
0.502783 0.038543 0.038543 1 1 0
0.512782 0.0386027 0.0386027 1 1 0
0.522781 0.0386635 0.0386635 1 1 0
0.53278 0.0387255 0.0387255 1 1 0
0.542779 0.0387886 0.0387886 1 1 0
0.552777 0.0388528 0.0388528 1 1 0
0.562776 0.0389182 0.0389182 1 1 0
0.572775 0.0389847 0.0389847 1 1 0
0.582773 0.0390523 0.0390523 1 1 0
0.592772 0.039121 0.039121 1 1 0
0.60277 0.0391909 0.0391909 1 1 0
0.612768 0.0392619 0.0392619 1 1 0
0.622767 0.039334 0.039334 1 1 0
0.632765 0.0394072 0.0394072 1 1 0
0.642763 0.0394816 0.0394816 1 1 0
0.652761 0.0395571 0.0395571 1 1 0
0.662759 0.0396337 0.0396337 1 1 0
0.672757 0.0397114 0.0397114 1 1 0
0.682755 0.0397903 0.0397903 1 1 0
0.692753 0.0398702 0.0398702 1 1 0
0.70275 0.0399513 0.0399513 1 1 0
0.712748 0.0400335 0.0400335 1 1 0
0.722745 0.0401169 0.0401169 1 1 0
0.732743 0.0402014 0.0402014 1 1 0
0.74274 0.040287 0.040287 1 1 0
0.752737 0.0403737 0.0403737 1 1 0
0.762734 0.0404616 0.0404616 1 1 0
0.772731 0.0405506 0.0405506 1 1 0
0.782728 0.0406407 0.0406407 1 1 0
0.792725 0.040732 0.040732 1 1 0
0.802722 0.0408244 0.0408244 1 1 0
0.812718 0.040918 0.040918 1 1 0
0.822715 0.0410128 0.0410128 1 1 0
0.832711 0.0411087 0.0411087 1 1 0
0.842707 0.0412058 0.0412058 1 1 0
0.852703 0.041304 0.041304 1 1 0
0.862699 0.0414035 0.0414035 1 1 0
0.872695 0.0415041 0.0415041 1 1 0
0.88269 0.0416059 0.0416059 1 1 0
0.892686 0.041709 0.041709 1 1 0
0.902681 0.0418133 0.0418133 1 1 0
0.912676 0.0419188 0.0419188 1 1 0
0.922671 0.0420255 0.0420255 1 1 0
0.932665 0.0421335 0.0421335 1 1 0
0.94266 0.0422428 0.0422428 1 1 0
0.952654 0.0423533 0.0423533 1 1 0
0.962648 0.0424652 0.0424652 1 1 0
0.972642 0.0425784 0.0425784 1 1 0
0.982636 0.0426929 0.0426929 1 1 0
0.992629 0.0428088 0.0428088 1 1 0
1.00262 0.042926 0.042926 1 1 0
1.01262 0.0430446 0.0430446 1 1 0
1.02261 0.0431647 0.0431647 1 1 0
1.0326 0.0432862 0.0432862 1 1 0
1.04259 0.0434092 0.0434092 1 1 0
1.05258 0.0435337 0.0435337 1 1 0
1.06258 0.0436597 0.0436597 1 1 0
1.07257 0.0437873 0.0437873 1 1 0
1.08256 0.0439165 0.0439165 1 1 0
1.09255 0.0440473 0.0440473 1 1 0
1.10254 0.0441798 0.0441798 1 1 0
1.11253 0.0443141 0.0443141 1 1 0
1.12252 0.0444501 0.0444501 1 1 0
1.13251 0.0445879 0.0445879 1 1 0
1.14249 0.0447276 0.0447276 1 1 0
1.15248 0.0448692 0.0448692 1 1 0
1.16247 0.0450129 0.0450129 1 1 0
1.17245 0.0451586 0.0451586 1 1 0
1.18244 0.0453064 0.0453064 1 1 0
1.19243 0.0454564 0.0454564 1 1 0
1.20241 0.0456088 0.0456088 1 1 0
1.21239 0.0457635 0.0457635 1 1 0
1.22238 0.0459207 0.0459207 1 1 0
1.23236 0.0460805 0.0460805 1 1 0
1.24234 0.046243 0.046243 1 1 0
1.25232 0.0464083 0.0464083 1 1 0
1.2623 0.0465767 0.0465767 1 1 0
1.27228 0.0467481 0.0467481 1 1 0
1.28225 0.0469228 0.0469228 1 1 0
1.29223 0.047101 0.047101 1 1 0
1.3022 0.0472829 0.0472829 1 1 0
1.31218 0.0474686 0.0474686 1 1 0
1.32215 0.0476586 0.0476586 1 1 0
1.33211 0.0478529 0.0478529 1 1 0
1.34208 0.048052 0.048052 1 1 0
1.35204 0.0482562 0.0482562 1 1 0
1.362 0.0484658 0.0484658 1 1 0
1.37196 0.0486815 0.0486815 1 1 0
1.38192 0.0489035 0.0489035 1 1 0
1.39187 0.0491327 0.0491327 1 1 0
1.40181 0.0493696 0.0493696 1 1 0
1.41175 0.0496152 0.0496152 1 1 0
1.42169 0.0498703 0.0498703 1 1 0
1.43161 0.0501362 0.0501362 1 1 0
1.44153 0.0504144 0.0504144 1 1 0
1.45143 0.0507066 0.0507066 1 1 0
1.46133 0.0510152 0.0510152 1 1 0
1.4712 0.0513431 0.0513431 1 1 0
1.48105 0.0516944 0.0516944 1 1 0
1.49087 0.0520745 0.0520745 1 1 0
1.50065 0.0524915 0.0524915 1 1 0
1.51035 0.0529579 0.0529579 1 1 0
1.51994 0.0534951 0.0534951 1 1 0
1.5293 0.0541449 0.0541449 1 1 0
1.53804 0.0550101 0.0550101 1 1 0
1.54359 0.0564292 0.0564292 2 1 0
1.54359 0.0564687 0.0564687 2 1 0
1.53873 0.0578775 0.0578775 2 1 0
1.53067 0.0587917 0.0587917 2 1 0
1.52189 0.0595085 0.0595085 2 1 0
1.5128 0.0601205 0.0601205 2 1 0
1.50355 0.0606663 0.0606663 2 1 0
1.4942 0.0611661 0.0611661 2 1 0
1.48477 0.0616319 0.0616319 2 1 0
1.4753 0.0620711 0.0620711 2 1 0
1.46578 0.0624893 0.0624893 2 1 0
1.45624 0.0628904 0.0628904 2 1 0
1.44668 0.0632772 0.0632772 2 1 0
1.4371 0.0636521 0.0636521 2 1 0
1.42751 0.0640169 0.0640169 2 1 0
1.4179 0.0643729 0.0643729 2 1 0
1.40829 0.0647215 0.0647215 2 1 0
1.39867 0.0650637 0.0650637 2 1 0
1.38904 0.0654002 0.0654002 2 1 0
1.37941 0.0657319 0.0657319 2 1 0
1.36977 0.0660593 0.0660593 2 1 0
1.36014 0.066383 0.066383 2 1 0
1.3505 0.0667036 0.0667036 2 1 0
1.34086 0.0670215 0.0670215 2 1 0
1.33122 0.0673371 0.0673371 2 1 0
1.32158 0.0676506 0.0676506 2 1 0
1.31195 0.0679626 0.0679626 2 1 0
1.30231 0.0682733 0.0682733 2 1 0
1.29268 0.0685829 0.0685829 2 1 0
1.28305 0.0688917 0.0688917 2 1 0
1.27343 0.0692 0.0692 2 1 0
1.26381 0.069508 0.069508 2 1 0
1.2542 0.069816 0.069816 2 1 0
1.24459 0.070124 0.070124 2 1 0
1.23498 0.0704324 0.0704324 2 1 0
1.22539 0.0707413 0.0707413 2 1 0
1.2158 0.071051 0.071051 2 1 0
1.20621 0.0713615 0.0713615 2 1 0
1.19664 0.0716731 0.0716731 2 1 0
1.18707 0.0719859 0.0719859 2 1 0
1.17751 0.0723001 0.0723001 2 1 0
1.16797 0.0726159 0.0726159 2 1 0
1.15843 0.0729334 0.0729334 2 1 0
1.1489 0.0732528 0.0732528 2 1 0
1.13939 0.0735743 0.0735743 2 1 0
1.12988 0.0738979 0.0738979 2 1 0
1.12039 0.074224 0.074224 2 1 0
1.11092 0.0745526 0.0745526 2 1 0
1.10145 0.0748839 0.0748839 2 1 0
1.092 0.075218 0.075218 2 1 0
1.08257 0.0755552 0.0755552 2 1 0
1.07316 0.0758956 0.0758956 2 1 0
1.06376 0.0762393 0.0762393 2 1 0
1.05438 0.0765866 0.0765866 2 1 0
1.04502 0.0769375 0.0769375 2 1 0
1.03568 0.0772924 0.0772924 2 1 0
1.02636 0.0776514 0.0776514 2 1 0
1.01707 0.0780146 0.0780146 2 1 0
1.00779 0.0783822 0.0783822 2 1 0
0.998547 0.0787545 0.0787545 2 1 0
0.989327 0.0791316 0.0791316 2 1 0
0.980134 0.0795138 0.0795138 2 1 0
0.970971 0.0799013 0.0799013 2 1 0
0.961839 0.0802942 0.0802942 2 1 0
0.95274 0.0806928 0.0806928 2 1 0
0.943675 0.0810973 0.0810973 2 1 0
0.934646 0.081508 0.081508 2 1 0
0.925654 0.0819251 0.0819251 2 1 0
0.916703 0.0823488 0.0823488 2 1 0
0.907795 0.0827795 0.0827795 2 1 0
0.89893 0.0832173 0.0832173 2 1 0
0.890113 0.0836626 0.0836626 2 1 0
0.881344 0.0841155 0.0841155 2 1 0
0.872628 0.0845765 0.0845765 2 1 0
0.863967 0.0850457 0.0850457 2 1 0
0.855363 0.0855236 0.0855236 2 1 0
0.84682 0.0860103 0.0860103 2 1 0
0.83834 0.0865063 0.0865063 2 1 0
0.829928 0.0870119 0.0870119 2 1 0
0.821587 0.0875273 0.0875273 2 1 0
0.81332 0.088053 0.088053 2 1 0
0.805131 0.0885893 0.0885893 2 1 0
0.797024 0.0891365 0.0891365 2 1 0
0.789004 0.0896951 0.0896951 2 1 0
0.781074 0.0902654 0.0902654 2 1 0
0.77324 0.0908478 0.0908478 2 1 0
0.765505 0.0914428 0.0914428 2 1 0
0.757874 0.0920506 0.0920506 2 1 0
0.750353 0.0926719 0.0926719 2 1 0
0.742947 0.0933069 0.0933069 2 1 0
0.735659 0.0939561 0.0939561 2 1 0
0.728497 0.0946201 0.0946201 2 1 0
0.721465 0.0952992 0.0952992 2 1 0
0.71457 0.095994 0.095994 2 1 0
0.707815 0.0967049 0.0967049 2 1 0
0.701208 0.0974325 0.0974325 2 1 0
0.694754 0.0981773 0.0981773 2 1 0
0.688459 0.0989399 0.0989399 2 1 0
0.682329 0.0997208 0.0997208 2 1 0
0.676371 0.10052 0.10052 2 1 0
0.670591 0.10134 0.10134 2 1 0
0.664994 0.102179 0.102179 2 1 0
0.659586 0.10304 0.10304 2 1 0
0.654374 0.103922 0.103922 2 1 0
0.649365 0.104826 0.104826 2 1 0
0.644565 0.105754 0.105754 2 1 0
0.639981 0.106706 0.106706 2 1 0
0.635619 0.107683 0.107683 2 1 0
0.631488 0.108686 0.108686 2 1 0
0.627595 0.109716 0.109716 2 1 0
0.623948 0.110774 0.110774 2 1 0
0.620555 0.111862 0.111862 2 1 0
0.617425 0.112981 0.112981 2 1 0
0.614568 0.114132 0.114132 2 1 0
0.611995 0.115317 0.115317 2 1 0
0.609717 0.116537 0.116537 2 1 0
0.607745 0.117793 0.117793 2 1 0
0.606093 0.119088 0.119088 2 1 0
0.604775 0.120423 0.120423 2 1 0
0.603806 0.1218 0.1218 2 1 0
0.603203 0.123221 0.123221 2 1 0
0.602984 0.124686 0.124686 2 1 0
0.602983 0.124763 0.124763 2 1 0
0.603187 0.126277 0.126277 2 1 0
0.603814 0.127838 0.127838 2 1 0
0.604883 0.129447 0.129447 2 1 0
0.606414 0.131105 0.131105 2 1 0
0.608425 0.132809 0.132809 2 1 0
0.610933 0.13456 0.13456 2 1 0
0.613951 0.136354 0.136354 2 1 0
0.617488 0.138189 0.138189 2 1 0
0.621547 0.140058 0.140058 2 1 0
0.626125 0.141956 0.141956 2 1 0
0.631211 0.143876 0.143876 2 1 0
0.636787 0.145812 0.145812 2 1 0
0.642829 0.147754 0.147754 2 1 0
0.649306 0.149696 0.149696 2 1 0
0.656184 0.151629 0.151629 2 1 0
0.663427 0.153548 0.153548 2 1 0
0.670998 0.155446 0.155446 2 1 0
0.678861 0.157319 0.157319 2 1 0
0.686981 0.159163 0.159163 2 1 0
0.695326 0.160975 0.160975 2 1 0
0.703868 0.162754 0.162754 2 1 0
0.712581 0.164497 0.164497 2 1 0
0.721442 0.166205 0.166205 2 1 0
0.730433 0.167878 0.167878 2 1 0
0.739535 0.169515 0.169515 2 1 0
0.748734 0.171116 0.171116 2 1 0
0.758018 0.172684 0.172684 2 1 0
0.767377 0.174219 0.174219 2 1 0
0.7768 0.175721 0.175721 2 1 0
0.786279 0.177191 0.177191 2 1 0
0.795806 0.178632 0.178632 2 1 0
0.805377 0.180043 0.180043 2 1 0
0.814986 0.181425 0.181425 2 1 0
0.824629 0.18278 0.18278 2 1 0
0.834301 0.184109 0.184109 2 1 0
0.844 0.185413 0.185413 2 1 0
0.853723 0.186693 0.186693 2 1 0
0.863466 0.187949 0.187949 2 1 0
0.873229 0.189182 0.189182 2 1 0
0.883009 0.190394 0.190394 2 1 0
0.892804 0.191584 0.191584 2 1 0
0.902613 0.192755 0.192755 2 1 0
0.912434 0.193906 0.193906 2 1 0
0.922267 0.195038 0.195038 2 1 0
0.932111 0.196152 0.196152 2 1 0
0.941963 0.197248 0.197248 2 1 0
0.951825 0.198328 0.198328 2 1 0
0.961694 0.199391 0.199391 2 1 0
0.97157 0.200439 0.200439 2 1 0
0.981453 0.201471 0.201471 2 1 0
0.991343 0.202488 0.202488 2 1 0
1.00124 0.20349 0.20349 2 1 0
1.01114 0.204479 0.204479 2 1 0
1.02104 0.205455 0.205455 2 1 0
1.03095 0.206417 0.206417 2 1 0
1.04087 0.207366 0.207366 2 1 0
1.05078 0.208303 0.208303 2 1 0
1.0607 0.209229 0.209229 2 1 0
1.07063 0.210142 0.210142 2 1 0
1.08056 0.211044 0.211044 2 1 0
1.09049 0.211935 0.211935 2 1 0
1.10042 0.212816 0.212816 2 1 0
1.11036 0.213686 0.213686 2 1 0
1.1203 0.214545 0.214545 2 1 0
1.13024 0.215395 0.215395 2 1 0
1.14018 0.216235 0.216235 2 1 0
1.15012 0.217066 0.217066 2 1 0
1.16007 0.217888 0.217888 2 1 0
1.17002 0.2187 0.2187 2 1 0
1.17997 0.219504 0.219504 2 1 0
1.18992 0.2203 0.2203 2 1 0
1.19987 0.221087 0.221087 2 1 0
1.20983 0.221865 0.221865 2 1 0
1.21979 0.222636 0.222636 2 1 0
1.22974 0.2234 0.2234 2 1 0
1.2397 0.224155 0.224155 2 1 0
1.24966 0.224903 0.224903 2 1 0
1.25962 0.225644 0.225644 2 1 0
1.26959 0.226378 0.226378 2 1 0
1.27955 0.227105 0.227105 2 1 0
1.28951 0.227825 0.227825 2 1 0
1.29948 0.228538 0.228538 2 1 0
1.30944 0.229245 0.229245 2 1 0
1.31941 0.229945 0.229945 2 1 0
1.32938 0.230639 0.230639 2 1 0
1.33935 0.231327 0.231327 2 1 0
1.34932 0.232009 0.232009 2 1 0
1.35929 0.232685 0.232685 2 1 0
1.36926 0.233355 0.233355 2 1 0
1.37923 0.23402 0.23402 2 1 0
1.3892 0.234679 0.234679 2 1 0
1.39917 0.235332 0.235332 2 1 0
1.40915 0.23598 0.23598 2 1 0
1.41912 0.236623 0.236623 2 1 0
1.4291 0.23726 0.23726 2 1 0
1.43907 0.237893 0.237893 2 1 0
1.44905 0.23852 0.23852 2 1 0
1.45902 0.239143 0.239143 2 1 0
1.469 0.239761 0.239761 2 1 0
1.47898 0.240374 0.240374 2 1 0
1.48895 0.240982 0.240982 2 1 0
1.49893 0.241586 0.241586 2 1 0
1.50891 0.242185 0.242185 2 1 0
1.51889 0.24278 0.24278 2 1 0
1.52887 0.24337 0.24337 2 1 0
1.53885 0.243956 0.243956 2 1 0
1.54883 0.244538 0.244538 2 1 0
1.55881 0.245115 0.245115 2 1 0
1.56879 0.245689 0.245689 2 1 0
1.57877 0.246259 0.246259 2 1 0
1.58875 0.246824 0.246824 2 1 0
1.59873 0.247386 0.247386 2 1 0
1.60871 0.247944 0.247944 2 1 0
1.61869 0.248498 0.248498 2 1 0
1.62868 0.249048 0.249048 2 1 0
1.63866 0.249595 0.249595 2 1 0
1.64864 0.250138 0.250138 2 1 0
1.65862 0.250677 0.250677 2 1 0
1.66861 0.251213 0.251213 2 1 0
1.67859 0.251745 0.251745 2 1 0
1.68349 0.252005 0.252005 2 1 0
1.69348 0.252533 0.252533 1 1 0
1.70346 0.253057 0.253057 1 1 0
1.71345 0.253577 0.253577 1 1 0
1.72343 0.254095 0.254095 1 1 0
1.73342 0.254609 0.254609 1 1 0
1.7434 0.25512 0.25512 1 1 0
1.75339 0.255628 0.255628 1 1 0
1.76337 0.256133 0.256133 1 1 0
1.77336 0.256634 0.256634 1 1 0
1.78334 0.257133 0.257133 1 1 0
1.79333 0.257629 0.257629 1 1 0
1.80332 0.258122 0.258122 1 1 0
1.8133 0.258612 0.258612 1 1 0
1.82329 0.259099 0.259099 1 1 0
1.83328 0.259583 0.259583 1 1 0
1.84326 0.260065 0.260065 1 1 0
1.85325 0.260543 0.260543 1 1 0
1.86324 0.261019 0.261019 1 1 0
1.87323 0.261493 0.261493 1 1 0
1.88321 0.261964 0.261964 1 1 0
1.8932 0.262432 0.262432 1 1 0
1.90319 0.262897 0.262897 1 1 0
1.91318 0.26336 0.26336 1 1 0
1.92317 0.263821 0.263821 1 1 0
1.93316 0.264279 0.264279 1 1 0
1.94314 0.264735 0.264735 1 1 0
1.95313 0.265188 0.265188 1 1 0
1.96312 0.265639 0.265639 1 1 0
1.97311 0.266087 0.266087 1 1 0
1.9831 0.266533 0.266533 1 1 0
1.99309 0.266977 0.266977 1 1 0
2.00308 0.267418 0.267418 1 1 0
2.01307 0.267858 0.267858 1 1 0
2.02306 0.268295 0.268295 1 1 0
2.03305 0.268729 0.268729 1 1 0
2.04304 0.269162 0.269162 1 1 0
2.05303 0.269592 0.269592 1 1 0
2.06302 0.270021 0.270021 1 1 0
2.07301 0.270447 0.270447 1 1 0
2.083 0.270871 0.270871 1 1 0
2.09299 0.271293 0.271293 1 1 0
2.10298 0.271713 0.271713 1 1 0
2.11297 0.272131 0.272131 1 1 0
2.12296 0.272548 0.272548 1 1 0
2.13295 0.272962 0.272962 1 1 0
2.14294 0.273374 0.273374 1 1 0
2.15293 0.273784 0.273784 1 1 0
2.16293 0.274192 0.274192 1 1 0
2.17292 0.274599 0.274599 1 1 0
2.18291 0.275004 0.275004 1 1 0
2.1929 0.275406 0.275406 1 1 0
2.20289 0.275807 0.275807 1 1 0
2.21288 0.276206 0.276206 1 1 0
2.22287 0.276604 0.276604 1 1 0
2.23287 0.276999 0.276999 1 1 0
2.24286 0.277393 0.277393 1 1 0
2.25285 0.277786 0.277786 1 1 0
2.26284 0.278176 0.278176 1 1 0
2.27283 0.278565 0.278565 1 1 0
2.28283 0.278952 0.278952 1 1 0
2.29282 0.279337 0.279337 1 1 0
2.30281 0.279721 0.279721 1 1 0
2.3128 0.280103 0.280103 1 1 0
2.32279 0.280484 0.280484 1 1 0
2.33279 0.280863 0.280863 1 1 0
2.34278 0.281241 0.281241 1 1 0
2.35277 0.281617 0.281617 1 1 0
2.36276 0.281991 0.281991 1 1 0
2.37276 0.282364 0.282364 1 1 0
2.38275 0.282735 0.282735 1 1 0
2.39274 0.283105 0.283105 1 1 0
2.40274 0.283474 0.283474 1 1 0
2.41273 0.283841 0.283841 1 1 0
2.42272 0.284206 0.284206 1 1 0
2.43271 0.28457 0.28457 1 1 0
2.44271 0.284933 0.284933 1 1 0
2.4527 0.285294 0.285294 1 1 0
2.46269 0.285654 0.285654 1 1 0
2.47269 0.286013 0.286013 1 1 0
2.48268 0.28637 0.28637 1 1 0
2.49267 0.286726 0.286726 1 1 0
2.50267 0.287081 0.287081 1 1 0
2.51266 0.287434 0.287434 1 1 0
2.52265 0.287786 0.287786 1 1 0
2.53265 0.288137 0.288137 1 1 0
2.54264 0.288486 0.288486 1 1 0
2.55264 0.288834 0.288834 1 1 0
2.56263 0.289181 0.289181 1 1 0
2.57262 0.289527 0.289527 1 1 0
2.58262 0.289871 0.289871 1 1 0
2.59261 0.290215 0.290215 1 1 0
2.6026 0.290557 0.290557 1 1 0
2.6126 0.290898 0.290898 1 1 0
2.62259 0.291237 0.291237 1 1 0
2.63259 0.291576 0.291576 1 1 0
2.64258 0.291913 0.291913 1 1 0
2.65258 0.292249 0.292249 1 1 0
2.66257 0.292585 0.292585 1 1 0
2.67256 0.292919 0.292919 1 1 0
2.68256 0.293251 0.293251 1 1 0
2.69255 0.293583 0.293583 1 1 0
2.70255 0.293914 0.293914 1 1 0
2.71254 0.294244 0.294244 1 1 0
2.72254 0.294572 0.294572 1 1 0
2.73253 0.2949 0.2949 1 1 0
2.74252 0.295226 0.295226 1 1 0
2.75252 0.295552 0.295552 1 1 0
2.76251 0.295876 0.295876 1 1 0
2.77251 0.296199 0.296199 1 1 0
2.7825 0.296522 0.296522 1 1 0
2.7925 0.296843 0.296843 1 1 0
2.80249 0.297164 0.297164 1 1 0
2.81249 0.297483 0.297483 1 1 0
2.82248 0.297801 0.297801 1 1 0
2.83248 0.298119 0.298119 1 1 0
2.84247 0.298436 0.298436 1 1 0
2.85247 0.298751 0.298751 1 1 0
2.86246 0.299066 0.299066 1 1 0
2.87246 0.299379 0.299379 1 1 0
2.88245 0.299692 0.299692 1 1 0
2.89245 0.300004 0.300004 1 1 0
2.90244 0.300315 0.300315 1 1 0
2.91244 0.300625 0.300625 1 1 0
2.92243 0.300935 0.300935 1 1 0
2.93243 0.301243 0.301243 1 1 0
2.94242 0.30155 0.30155 1 1 0
2.95242 0.301857 0.301857 1 1 0
2.96241 0.302163 0.302163 1 1 0
2.97241 0.302468 0.302468 1 1 0
2.9824 0.302772 0.302772 1 1 0
2.9924 0.303075 0.303075 1 1 0
3.00239 0.303377 0.303377 1 1 0
3.01239 0.303679 0.303679 1 1 0
3.02238 0.30398 0.30398 1 1 0
3.03238 0.30428 0.30428 1 1 0
3.04237 0.304579 0.304579 1 1 0
3.05237 0.304877 0.304877 1 1 0
3.06237 0.305175 0.305175 1 1 0
3.07236 0.305471 0.305471 1 1 0
3.08236 0.305767 0.305767 1 1 0
3.09235 0.306063 0.306063 1 1 0
3.10235 0.306357 0.306357 1 1 0
3.11234 0.306651 0.306651 1 1 0
3.12234 0.306944 0.306944 1 1 0
3.13233 0.307236 0.307236 1 1 0
3.14233 0.307528 0.307528 1 1 0
3.15233 0.307818 0.307818 1 1 0
3.16232 0.308108 0.308108 1 1 0
3.17232 0.308398 0.308398 1 1 0
3.18231 0.308686 0.308686 1 1 0
3.19231 0.308974 0.308974 1 1 0
3.2023 0.309261 0.309261 1 1 0
3.2123 0.309548 0.309548 1 1 0
3.2223 0.309834 0.309834 1 1 0
3.23229 0.310119 0.310119 1 1 0
3.24229 0.310403 0.310403 1 1 0
3.25228 0.310687 0.310687 1 1 0
3.26228 0.31097 0.31097 1 1 0
3.27228 0.311252 0.311252 1 1 0
3.28227 0.311534 0.311534 1 1 0
3.29227 0.311815 0.311815 1 1 0
3.30226 0.312096 0.312096 1 1 0
3.31226 0.312375 0.312375 1 1 0
3.32226 0.312654 0.312654 1 1 0
3.33225 0.312933 0.312933 1 1 0
3.34225 0.313211 0.313211 1 1 0
3.35224 0.313488 0.313488 1 1 0
3.36224 0.313765 0.313765 1 1 0
3.37224 0.314041 0.314041 1 1 0
3.38223 0.314316 0.314316 1 1 0
3.39223 0.314591 0.314591 1 1 0
3.40222 0.314865 0.314865 1 1 0
3.41222 0.315138 0.315138 1 1 0
3.42222 0.315411 0.315411 1 1 0
3.43221 0.315684 0.315684 1 1 0
3.44221 0.315955 0.315955 1 1 0
3.45221 0.316226 0.316226 1 1 0
3.4622 0.316497 0.316497 1 1 0
3.4722 0.316767 0.316767 1 1 0
3.48219 0.317036 0.317036 1 1 0
3.49219 0.317305 0.317305 1 1 0
3.50219 0.317573 0.317573 1 1 0
3.51218 0.317841 0.317841 1 1 0
3.52218 0.318108 0.318108 1 1 0
3.53218 0.318375 0.318375 1 1 0
3.54217 0.318641 0.318641 1 1 0
3.55217 0.318906 0.318906 1 1 0
3.56217 0.319171 0.319171 1 1 0
3.57216 0.319435 0.319435 1 1 0
3.58216 0.319699 0.319699 1 1 0
3.59216 0.319962 0.319962 1 1 0
3.60215 0.320225 0.320225 1 1 0
3.61215 0.320487 0.320487 1 1 0
3.62214 0.320749 0.320749 1 1 0
3.63214 0.32101 0.32101 1 1 0
3.64214 0.321271 0.321271 1 1 0
3.65213 0.321531 0.321531 1 1 0
3.66213 0.321791 0.321791 1 1 0
3.67213 0.32205 0.32205 1 1 0
3.68212 0.322308 0.322308 1 1 0
3.69212 0.322566 0.322566 1 1 0
3.70212 0.322824 0.322824 1 1 0
3.71211 0.323081 0.323081 1 1 0
3.72211 0.323337 0.323337 1 1 0
3.73211 0.323593 0.323593 1 1 0
3.7421 0.323849 0.323849 1 1 0
3.7521 0.324104 0.324104 1 1 0
3.7621 0.324359 0.324359 1 1 0
3.77209 0.324613 0.324613 1 1 0
3.78209 0.324866 0.324866 1 1 0
3.79209 0.325119 0.325119 1 1 0
3.80208 0.325372 0.325372 1 1 0
3.81208 0.325624 0.325624 1 1 0
3.82208 0.325876 0.325876 1 1 0
3.83207 0.326127 0.326127 1 1 0
3.84207 0.326378 0.326378 1 1 0
3.85207 0.326628 0.326628 1 1 0
3.86207 0.326878 0.326878 1 1 0
3.87206 0.327128 0.327128 1 1 0
3.88206 0.327377 0.327377 1 1 0
3.89206 0.327625 0.327625 1 1 0
3.90205 0.327873 0.327873 1 1 0
3.91205 0.328121 0.328121 1 1 0
3.92205 0.328368 0.328368 1 1 0
3.93204 0.328615 0.328615 1 1 0
3.94204 0.328861 0.328861 1 1 0
3.95204 0.329107 0.329107 1 1 0
3.96203 0.329352 0.329352 1 1 0
3.97203 0.329597 0.329597 1 1 0
3.98203 0.329842 0.329842 1 1 0
3.99203 0.330086 0.330086 1 1 0
4.00202 0.330329 0.330329 1 1 0
4.01202 0.330573 0.330573 1 1 0
4.02202 0.330815 0.330815 1 1 0
4.03201 0.331058 0.331058 1 1 0
4.04201 0.3313 0.3313 1 1 0
4.05201 0.331541 0.331541 1 1 0
4.062 0.331783 0.331783 1 1 0
4.072 0.332023 0.332023 1 1 0
4.082 0.332264 0.332264 1 1 0
4.092 0.332503 0.332503 1 1 0
4.10199 0.332743 0.332743 1 1 0
4.11199 0.332982 0.332982 1 1 0
4.12199 0.333221 0.333221 1 1 0
4.13198 0.333459 0.333459 1 1 0
4.14198 0.333697 0.333697 1 1 0
4.15198 0.333935 0.333935 1 1 0
4.16198 0.334172 0.334172 1 1 0
4.17197 0.334408 0.334408 1 1 0
4.18197 0.334645 0.334645 1 1 0
4.19197 0.334881 0.334881 1 1 0
4.20196 0.335116 0.335116 1 1 0
4.21196 0.335351 0.335351 1 1 0
4.22196 0.335586 0.335586 1 1 0
4.23196 0.335821 0.335821 1 1 0
4.24195 0.336055 0.336055 1 1 0
4.25195 0.336288 0.336288 1 1 0
4.26195 0.336521 0.336521 1 1 0
4.27195 0.336754 0.336754 1 1 0
4.28194 0.336987 0.336987 1 1 0
4.29194 0.337219 0.337219 1 1 0
4.30194 0.337451 0.337451 1 1 0
4.31193 0.337682 0.337682 1 1 0
4.32193 0.337913 0.337913 1 1 0
4.33193 0.338144 0.338144 1 1 0
4.34193 0.338374 0.338374 1 1 0
4.35192 0.338604 0.338604 1 1 0
4.36192 0.338834 0.338834 1 1 0
4.37192 0.339063 0.339063 1 1 0
4.38192 0.339292 0.339292 1 1 0
4.39191 0.339521 0.339521 1 1 0
4.40191 0.339749 0.339749 1 1 0
4.41191 0.339977 0.339977 1 1 0
4.42191 0.340204 0.340204 1 1 0
4.4319 0.340431 0.340431 1 1 0
4.4419 0.340658 0.340658 1 1 0
4.4519 0.340885 0.340885 1 1 0
4.46189 0.341111 0.341111 1 1 0
4.47189 0.341336 0.341336 1 1 0
4.48189 0.341562 0.341562 1 1 0
4.49189 0.341787 0.341787 1 1 0
4.50188 0.342012 0.342012 1 1 0
4.51188 0.342236 0.342236 1 1 0
4.52188 0.34246 0.34246 1 1 0
4.53188 0.342684 0.342684 1 1 0
4.54187 0.342907 0.342907 1 1 0
4.55187 0.343131 0.343131 1 1 0
4.56187 0.343353 0.343353 1 1 0
4.57187 0.343576 0.343576 1 1 0
4.58186 0.343798 0.343798 1 1 0
4.59186 0.34402 0.34402 1 1 0
4.60186 0.344241 0.344241 1 1 0
4.61186 0.344462 0.344462 1 1 0
4.62185 0.344683 0.344683 1 1 0
4.63185 0.344904 0.344904 1 1 0
4.64185 0.345124 0.345124 1 1 0
4.65185 0.345344 0.345344 1 1 0
4.66184 0.345563 0.345563 1 1 0
4.67184 0.345783 0.345783 1 1 0
4.68184 0.346002 0.346002 1 1 0
4.69184 0.34622 0.34622 1 1 0
4.70184 0.346439 0.346439 1 1 0
4.71183 0.346657 0.346657 1 1 0
4.72183 0.346874 0.346874 1 1 0
4.73183 0.347092 0.347092 1 1 0
4.74183 0.347309 0.347309 1 1 0
4.75182 0.347526 0.347526 1 1 0
4.76182 0.347742 0.347742 1 1 0
4.77182 0.347958 0.347958 1 1 0
4.78182 0.348174 0.348174 1 1 0
4.79181 0.34839 0.34839 1 1 0
4.80181 0.348605 0.348605 1 1 0
4.81181 0.34882 0.34882 1 1 0
4.82181 0.349035 0.349035 1 1 0
4.8318 0.349249 0.349249 1 1 0
4.8418 0.349464 0.349464 1 1 0
4.8518 0.349678 0.349678 1 1 0
4.8618 0.349891 0.349891 1 1 0
4.8718 0.350104 0.350104 1 1 0
4.88179 0.350317 0.350317 1 1 0
4.89179 0.35053 0.35053 1 1 0
4.90179 0.350743 0.350743 1 1 0
4.91179 0.350955 0.350955 1 1 0
4.92178 0.351167 0.351167 1 1 0
4.93178 0.351378 0.351378 1 1 0
4.94178 0.35159 0.35159 1 1 0
4.95178 0.351801 0.351801 1 1 0
4.96178 0.352011 0.352011 1 1 0
4.97177 0.352222 0.352222 1 1 0
4.98177 0.352432 0.352432 1 1 0
4.99177 0.352642 0.352642 1 1 0
5.00177 0.352852 0.352852 1 1 0
1.68349 0.252005 0.252005 4 4 0
1.68348 0.252145 0.251864 3 4 0
1.68349 0.252256 0.251754 4 4 0
1.68352 0.252817 0.251195 4 4 0
1.68367 0.253933 0.25009 4 4 0
1.68432 0.256069 0.248003 4 4 0
1.68584 0.258875 0.245311 4 4 0
1.68869 0.262278 0.242123 4 4 0
1.69343 0.266315 0.238442 4 4 0
1.70092 0.271141 0.234181 4 4 0
1.71042 0.276032 0.230009 4 4 0
1.72005 0.280246 0.226526 4 4 0
1.72976 0.284026 0.223485 4 4 0
1.73952 0.287499 0.220759 4 4 0
1.74931 0.290739 0.218269 4 4 0
1.75913 0.293796 0.215968 4 4 0
1.76897 0.296705 0.213819 4 4 0
1.77882 0.29949 0.211797 4 4 0
1.78869 0.302171 0.209884 4 4 0
1.79856 0.304763 0.208064 4 4 0
1.80845 0.307276 0.206325 4 4 0
1.81834 0.309721 0.204658 4 4 0
1.82824 0.312106 0.203055 4 4 0
1.83815 0.314436 0.201509 4 4 0
1.84806 0.316718 0.200016 4 4 0
1.85797 0.318955 0.19857 4 4 0
1.86789 0.321153 0.197167 4 4 0
1.87781 0.323315 0.195803 4 4 0
1.88773 0.325443 0.194476 4 4 0
1.89766 0.327541 0.193183 4 4 0
1.90759 0.32961 0.191921 4 4 0
1.91752 0.331654 0.190689 4 4 0
1.92745 0.333674 0.189483 4 4 0
1.93739 0.335672 0.188304 4 4 0
1.94733 0.337649 0.187148 4 4 0
1.95727 0.339606 0.186015 4 4 0
1.96721 0.341546 0.184903 4 4 0
1.97715 0.343469 0.183811 4 4 0
1.98709 0.345376 0.182739 4 4 0
1.99703 0.347269 0.181684 4 4 0
2.00698 0.349148 0.180646 4 4 0
2.01692 0.351015 0.179625 4 4 0
2.02687 0.352869 0.178619 4 4 0
2.03682 0.354713 0.177628 4 4 0
2.04676 0.356545 0.176651 4 4 0
2.05671 0.358368 0.175687 4 4 0
2.06666 0.360182 0.174736 4 4 0
2.07661 0.361987 0.173797 4 4 0
2.08656 0.363784 0.17287 4 4 0
2.09651 0.365573 0.171954 4 4 0
2.10646 0.367355 0.171049 4 4 0
2.11641 0.369131 0.170154 4 4 0
2.12636 0.370901 0.169269 4 4 0
2.13632 0.372665 0.168394 4 4 0
2.14627 0.374423 0.167528 4 4 0
2.15622 0.376177 0.16667 4 4 0
2.16617 0.377926 0.165821 4 4 0
2.17613 0.379671 0.16498 4 4 0
2.18608 0.381412 0.164147 4 4 0
2.19603 0.38315 0.163322 4 4 0
2.20599 0.384884 0.162503 4 4 0
2.21594 0.386616 0.161692 4 4 0
2.22589 0.388345 0.160887 4 4 0
2.23585 0.390071 0.160088 4 4 0
2.2458 0.391796 0.159296 4 4 0
2.25575 0.393519 0.15851 4 4 0
2.26571 0.395241 0.157729 4 4 0
2.27566 0.396961 0.156954 4 4 0
2.28561 0.398681 0.156185 4 4 0
2.29556 0.4004 0.15542 4 4 0
2.30552 0.402119 0.15466 4 4 0
2.31547 0.403837 0.153905 4 4 0
2.32542 0.405556 0.153154 4 4 0
2.33538 0.407275 0.152408 4 4 0
2.34533 0.408995 0.151665 4 4 0
2.35528 0.410716 0.150927 4 4 0
2.36523 0.412438 0.150193 4 4 0
2.37518 0.414161 0.149462 4 4 0
2.38513 0.415886 0.148734 4 4 0
2.39508 0.417613 0.14801 4 4 0
2.40503 0.419342 0.147289 4 4 0
2.41498 0.421074 0.146571 4 4 0
2.42493 0.422808 0.145856 4 4 0
2.43488 0.424545 0.145143 4 4 0
2.44483 0.426286 0.144432 4 4 0
2.45478 0.42803 0.143724 4 4 0
2.46473 0.429777 0.143019 4 4 0
2.47468 0.431528 0.142315 4 4 0
2.48462 0.433284 0.141613 4 4 0
2.49457 0.435044 0.140913 4 4 0
2.50451 0.436809 0.140214 4 4 0
2.51446 0.43858 0.139517 4 4 0
2.5244 0.440356 0.138821 4 4 0
2.53435 0.442136 0.138126 4 4 0
2.54429 0.443924 0.137432 4 4 0
2.55423 0.445718 0.136739 4 4 0
2.56417 0.447518 0.136046 4 4 0
2.57411 0.449325 0.135354 4 4 0
2.58405 0.45114 0.134662 4 4 0
2.59399 0.452962 0.13397 4 4 0
2.60393 0.454793 0.133279 4 4 0
2.61387 0.456632 0.132587 4 4 0
2.6238 0.45848 0.131894 4 4 0
2.63374 0.460336 0.131201 4 4 0
2.64367 0.462204 0.130508 4 4 0
2.6536 0.46408 0.129813 4 4 0
2.66353 0.465967 0.129118 4 4 0
2.67346 0.467866 0.12842 4 4 0
2.68339 0.469776 0.127722 4 4 0
2.69332 0.471698 0.127022 4 4 0
2.70324 0.473632 0.126319 4 4 0
2.71316 0.47558 0.125615 4 4 0
2.72309 0.47754 0.124908 4 4 0
2.73301 0.479516 0.124199 4 4 0
2.74293 0.481507 0.123486 4 4 0
2.75284 0.483512 0.122771 4 4 0
2.76276 0.485535 0.122051 4 4 0
2.77267 0.487574 0.121328 4 4 0
2.78258 0.48963 0.120601 4 4 0
2.79249 0.491706 0.11987 4 4 0
2.80239 0.493801 0.119134 4 4 0
2.81229 0.495916 0.118392 4 4 0
2.82219 0.498052 0.117646 4 4 0
2.83209 0.500212 0.116893 4 4 0
2.84198 0.502393 0.116134 4 4 0
2.85187 0.5046 0.115367 4 4 0
2.86176 0.506832 0.114594 4 4 0
2.87164 0.509091 0.113813 4 4 0
2.88152 0.511378 0.113023 4 4 0
2.89139 0.513696 0.112224 4 4 0
2.90126 0.516044 0.111415 4 4 0
2.91112 0.518426 0.110595 4 4 0
2.92098 0.520841 0.109764 4 4 0
2.93083 0.523295 0.108921 4 4 0
2.94067 0.525787 0.108064 4 4 0
2.95051 0.52832 0.107192 4 4 0
2.96034 0.530896 0.106305 4 4 0
2.97016 0.533519 0.1054 4 4 0
2.97998 0.53619 0.104477 4 4 0
2.98978 0.538914 0.103533 4 4 0
2.99957 0.541694 0.102566 4 4 0
3.00935 0.544532 0.101574 4 4 0
3.01911 0.547434 0.100554 4 4 0
3.02886 0.550404 0.0995022 4 4 0
3.03859 0.553447 0.0984155 4 4 0
3.04831 0.556569 0.0972887 4 4 0
3.058 0.559774 0.0961158 4 4 0
3.06766 0.563071 0.0948894 4 4 0
3.0773 0.566466 0.0935996 4 4 0
3.0869 0.569969 0.0922335 4 4 0
3.09646 0.573587 0.0907736 4 4 0
3.10596 0.577331 0.0891927 4 4 0
3.1154 0.581209 0.0874495 4 4 0
3.12475 0.585226 0.0854707 4 4 0
3.13396 0.589379 0.0831005 4 4 0
3.14281 0.593586 0.0798887 4 4 0
3.14658 0.595492 0.0775171 4 4 0
3.14771 0.596151 0.0761078 4 4 0
3.14791 0.5964 0.0753105 3 4 0
3.14597 0.596843 0.0736618 3 4 0
3.13892 0.597507 0.0726277 3 4 0
3.13182 0.598134 0.0721318 3 4 0
3.12411 0.598806 0.0717386 3 4 0
3.11443 0.599652 0.071337 3 4 0
3.10468 0.600501 0.0709875 3 4 0
3.09489 0.601352 0.0706696 3 4 0
3.08509 0.602208 0.0703735 3 4 0
3.07526 0.603064 0.0700934 3 4 0
3.06542 0.603922 0.0698255 3 4 0
3.05558 0.604782 0.0695673 3 4 0
3.04572 0.605641 0.0693173 3 4 0
3.03587 0.606504 0.0690742 3 4 0
3.026 0.607366 0.0688369 3 4 0
3.01614 0.608229 0.0686048 3 4 0
3.00627 0.609092 0.0683773 3 4 0
2.9964 0.609957 0.0681539 3 4 0
2.98652 0.610822 0.0679342 3 4 0
2.97665 0.611687 0.0677179 3 4 0
2.96677 0.612552 0.0675047 3 4 0
2.9569 0.613418 0.0672944 3 4 0
2.94702 0.614281 0.0670869 3 4 0
2.93714 0.615148 0.0668817 3 4 0
2.92726 0.616014 0.0666791 3 4 0
2.91739 0.616879 0.0664786 3 4 0
2.90751 0.617743 0.0662802 3 4 0
2.89763 0.618607 0.0660838 3 4 0
2.88775 0.619473 0.0658894 3 4 0
2.87787 0.620337 0.0656967 3 4 0
2.868 0.621199 0.0655059 3 4 0
2.85812 0.622062 0.0653167 3 4 0
2.84825 0.622925 0.0651292 3 4 0
2.83837 0.623787 0.0649432 3 4 0
2.8285 0.624646 0.0647588 3 4 0
2.81863 0.625507 0.0645757 3 4 0
2.80876 0.626366 0.0643942 3 4 0
2.79889 0.627224 0.064214 3 4 0
2.78902 0.628082 0.0640351 3 4 0
2.77915 0.628937 0.0638576 3 4 0
2.76928 0.629792 0.0636813 3 4 0
2.75942 0.630645 0.0635063 3 4 0
2.74956 0.631496 0.0633325 3 4 0
2.7397 0.632346 0.0631599 3 4 0
2.72984 0.633194 0.0629885 3 4 0
2.71998 0.634043 0.0628182 3 4 0
2.71013 0.634889 0.062649 3 4 0
2.70027 0.635732 0.0624809 3 4 0
2.69042 0.636573 0.0623139 3 4 0
2.68058 0.637416 0.0621479 3 4 0
2.67073 0.638254 0.061983 3 4 0
2.66089 0.639089 0.0618192 3 4 0
2.65105 0.639924 0.0616563 3 4 0
2.64121 0.640755 0.0614944 3 4 0
2.63137 0.641586 0.0613335 3 4 0
2.62154 0.642415 0.0611736 3 4 0
2.61171 0.643241 0.0610146 3 4 0
2.60189 0.644063 0.0608566 3 4 0
2.59207 0.644882 0.0606994 3 4 0
2.58225 0.6457 0.0605433 3 4 0
2.57244 0.646517 0.060388 3 4 0
2.56263 0.647327 0.0602336 3 4 0
2.55282 0.648139 0.0600801 3 4 0
2.54302 0.648946 0.0599275 3 4 0
2.53322 0.64975 0.0597757 3 4 0
2.52342 0.65055 0.0596248 3 4 0
2.51364 0.651347 0.0594747 3 4 0
2.50385 0.652143 0.0593255 3 4 0
2.49407 0.652933 0.0591771 3 4 0
2.4843 0.653722 0.0590296 3 4 0
2.47453 0.654509 0.0588829 3 4 0
2.46476 0.655291 0.0587369 3 4 0
2.45501 0.656068 0.0585918 3 4 0
2.44525 0.656839 0.0584474 3 4 0
2.43551 0.657613 0.0583039 3 4 0
2.42577 0.658381 0.0581611 3 4 0
2.41604 0.659141 0.0580192 3 4 0
2.40631 0.659903 0.0578779 3 4 0
2.39659 0.660659 0.0577375 3 4 0
2.38688 0.66141 0.0575979 3 4 0
2.37717 0.662158 0.0574589 3 4 0
2.36748 0.6629 0.0573207 3 4 0
2.35779 0.663638 0.0571833 3 4 0
2.34811 0.664374 0.0570466 3 4 0
2.33843 0.665106 0.0569107 3 4 0
2.32877 0.665831 0.0567754 3 4 0
2.31912 0.666553 0.0566409 3 4 0
2.30947 0.66727 0.0565072 3 4 0
2.29984 0.667981 0.0563741 3 4 0
2.29021 0.668687 0.0562418 3 4 0
2.2806 0.66939 0.0561101 3 4 0
2.271 0.67009 0.0559792 3 4 0
2.2614 0.670783 0.055849 3 4 0
2.25182 0.671471 0.0557195 3 4 0
2.24226 0.672153 0.0555906 3 4 0
2.2327 0.672831 0.0554626 3 4 0
2.22316 0.673503 0.0553351 3 4 0
2.21363 0.674169 0.0552084 3 4 0
2.20411 0.674829 0.0550823 3 4 0
2.19461 0.675485 0.0549569 3 4 0
2.18513 0.676138 0.0548323 3 4 0
2.17565 0.676783 0.0547083 3 4 0
2.1662 0.677422 0.0545849 3 4 0
2.15676 0.678055 0.0544623 3 4 0
2.14734 0.678681 0.0543404 3 4 0
2.13794 0.679301 0.0542191 3 4 0
2.12855 0.67992 0.0540985 3 4 0
2.11918 0.680528 0.0539786 3 4 0
2.10984 0.681131 0.0538593 3 4 0
2.10051 0.681728 0.0537408 3 4 0
2.0912 0.682319 0.0536229 3 4 0
2.08192 0.682903 0.0535057 3 4 0
2.07265 0.683479 0.0533892 3 4 0
2.06341 0.68405 0.0532734 3 4 0
2.0542 0.684614 0.0531582 3 4 0
2.04501 0.685172 0.0530438 3 4 0
2.03584 0.685721 0.05293 3 4 0
2.0267 0.686264 0.0528169 3 4 0
2.01759 0.686801 0.0527045 3 4 0
2.00851 0.687329 0.0525929 3 4 0
1.99945 0.68785 0.0524819 3 4 0
1.99043 0.688364 0.0523716 3 4 0
1.98144 0.688871 0.0522621 3 4 0
1.97247 0.689369 0.0521532 3 4 0
1.96355 0.689861 0.0520451 3 4 0
1.95465 0.690345 0.0519377 3 4 0
1.9458 0.690821 0.0518311 3 4 0
1.93698 0.691288 0.0517252 3 4 0
1.92819 0.691747 0.05162 3 4 0
1.91945 0.692198 0.0515156 3 4 0
1.91075 0.692642 0.0514119 3 4 0
1.90209 0.693076 0.0513091 3 4 0
1.89347 0.693503 0.051207 3 4 0
1.88489 0.693924 0.0511057 3 4 0
1.87637 0.694333 0.0510052 3 4 0
1.86789 0.694734 0.0509055 3 4 0
1.85946 0.695128 0.0508066 3 4 0
1.85108 0.695511 0.0507086 3 4 0
1.84275 0.695886 0.0506114 3 4 0
1.83447 0.69625 0.050515 3 4 0
1.82625 0.696606 0.0504196 3 4 0
1.81809 0.696954 0.050325 3 4 0
1.80999 0.697294 0.0502313 3 4 0
1.80195 0.697624 0.0501385 3 4 0
1.79397 0.697943 0.0500466 3 4 0
1.78606 0.698253 0.0499557 3 4 0
1.77821 0.698554 0.0498657 3 4 0
1.77043 0.698845 0.0497767 3 4 0
1.76272 0.699127 0.0496888 3 4 0
1.75509 0.6994 0.0496018 3 4 0
1.74753 0.699663 0.0495158 3 4 0
1.74005 0.699916 0.0494309 3 4 0
1.73265 0.70016 0.049347 3 4 0
1.72533 0.700394 0.0492643 3 4 0
1.71809 0.700616 0.0491826 3 4 0
1.71094 0.700831 0.0491021 3 4 0
1.70389 0.701036 0.0490227 3 4 0
1.69692 0.701231 0.0489446 3 4 0
1.69006 0.701416 0.0488676 3 4 0
1.68329 0.701593 0.0487919 3 4 0
1.67662 0.701761 0.0487174 3 4 0
1.67006 0.701917 0.0486442 3 4 0
1.6636 0.702063 0.0485724 3 4 0
1.65726 0.702204 0.0485019 3 4 0
1.65104 0.702332 0.0484328 3 4 0
1.64493 0.702452 0.0483651 3 4 0
1.63895 0.702559 0.048299 3 4 0
1.6331 0.702661 0.0482343 3 4 0
1.62738 0.702754 0.0481711 3 4 0
1.62179 0.702837 0.0481097 3 4 0
1.61635 0.702911 0.0480498 3 4 0
1.61106 0.702976 0.0479916 3 4 0
1.60591 0.703036 0.0479352 3 4 0
1.60093 0.703085 0.0478805 3 4 0
1.59611 0.703126 0.0478278 3 4 0
1.59146 0.703159 0.0477769 3 4 0
1.58699 0.703185 0.0477281 3 4 0
1.5827 0.703204 0.0476813 3 4 0
1.57861 0.703214 0.0476366 3 4 0
1.57471 0.703219 0.0475941 3 4 0
1.57101 0.703217 0.0475539 3 4 0
1.56753 0.703208 0.0475161 3 4 0
1.56426 0.703194 0.0474806 3 4 0
1.56122 0.703173 0.0474476 3 4 0
1.55841 0.703148 0.0474171 3 4 0
1.55583 0.703117 0.0473891 3 4 0
1.55349 0.703083 0.0473638 3 4 0
1.55139 0.703046 0.0473411 3 4 0
1.54954 0.703008 0.047321 3 4 0
1.54792 0.702966 0.0473035 3 4 0
1.54654 0.702921 0.0472886 3 4 0
1.54539 0.702873 0.0472761 3 4 0
1.54445 0.70283 0.047266 3 4 0
1.54373 0.702784 0.0472582 3 4 0
1.54319 0.702737 0.0472524 3 4 0
1.54283 0.702695 0.0472485 3 4 0
1.54262 0.702648 0.0472462 3 4 0
1.54253 0.7026 0.0472452 3 4 0
1.5425 0.702543 0.0472449 3 4 0
1.5425 0.702476 0.0472449 3 4 0
1.5425 0.7024 0.0472449 3 4 0
1.5425 0.702328 0.0472449 3 4 0
1.5425 0.702256 0.0472449 3 4 0
1.5425 0.702194 0.0472449 3 4 0
1.5425 0.702134 0.0472449 3 4 0
1.5425 0.70208 0.0472449 3 4 0
1.5425 0.702045 0.0472449 3 4 0
1.5425 0.702018 0.0472449 3 4 0
1.5425 0.701998 0.0472449 3 4 0
1.5425 0.701984 0.0472449 3 4 0
1.5425 0.701974 0.0472449 3 4 0
1.5425 0.701969 0.0472449 3 4 0
1.5425 0.701967 0.0472449 3 4 0
1.5425 0.701965 0.0472449 3 4 0
1.5425 0.701961 0.047245 3 4 0
1.5425 0.701964 0.0472449 3 4 0
1.5425 0.701964 0.0472449 3 4 0
1.5425 0.701963 0.0472449 4 4 0
1.5425 0.701959 0.0472449 4 4 0
1.5425 0.701964 0.0472449 4 4 0
1.5425 0.701962 0.0472449 4 4 0
1.5425 0.701963 0.0472449 4 4 0
1.5425 0.701964 0.0472449 4 4 0
1.5425 0.701964 0.0472449 4 4 0
1.5425 0.701963 0.0472449 4 4 0
1.5425 0.701963 0.0472449 4 4 0
1.5425 0.701963 0.0472449 4 4 0
1.5425 0.701964 0.0472449 4 4 0
1.5425 0.701964 0.0472449 4 4 0
1.5425 0.701963 0.0472449 4 4 0
1.5425 0.701962 0.0472449 4 4 0
1.5425 0.701962 0.0472449 4 4 0
1.5425 0.701961 0.0472449 4 4 0
1.5425 0.701954 0.0472449 4 4 0
1.5425 0.701965 0.0472449 4 4 0
1.5425 0.701964 0.0472449 4 4 0
1.5425 0.701954 0.0472449 4 4 0
1.5425 0.701963 0.0472449 4 4 0
1.5425 0.701964 0.0472449 4 4 0
1.5425 0.701964 0.0472449 4 4 0
1.5425 0.701954 0.0472449 4 4 0
1.5425 0.701964 0.0472449 4 4 0
1.5425 0.701973 0.0472449 4 4 0
1.5425 0.701962 0.0472449 4 4 0
1.5425 0.701979 0.0472449 4 4 0
1.5425 0.701956 0.0472449 4 4 0
1.5425 0.701968 0.0472449 4 4 0
1.5425 0.70197 0.0472449 4 4 0
1.5425 0.701965 0.0472449 4 4 0
1.5425 0.701964 0.0472449 4 4 0
1.5425 0.70196 0.0472449 4 4 0
1.5425 0.701952 0.0472449 4 4 0
1.5425 0.701961 0.0472449 4 4 0
1.5425 0.701964 0.0472449 4 4 0
1.5425 0.701958 0.0472449 4 4 0
1.5425 0.701936 0.0472449 4 4 0
1.5425 0.701959 0.0472449 4 4 0
1.5425 0.701958 0.0472449 4 4 0
1.5425 0.701954 0.0472449 4 4 0
1.5425 0.701961 0.0472449 4 4 0
1.5425 0.701956 0.0472449 4 4 0
1.5425 0.701965 0.0472449 4 4 0
1.5425 0.701966 0.0472449 4 4 0
1.5425 0.701968 0.0472449 4 4 0
1.5425 0.701969 0.0472449 4 4 0
1.5425 0.701958 0.0472449 4 4 0
1.5425 0.701964 0.0472449 4 4 0
1.5425 0.701964 0.0472449 4 4 0
1.5425 0.701959 0.0472449 4 4 0
1.5425 0.701961 0.0472449 4 4 0
1.5425 0.701946 0.0472449 4 4 0
1.5425 0.701958 0.0472449 4 4 0
1.5425 0.701967 0.0472449 4 4 0
1.5425 0.701957 0.0472449 4 4 0
1.5425 0.701964 0.047245 4 4 0
1.5425 0.701961 0.0472449 4 4 0
1.5425 0.701963 0.0472449 4 4 0
1.5425 0.701965 0.0472449 4 4 0
1.5425 0.701963 0.0472449 4 4 0
1.5425 0.701964 0.0472449 4 4 0
1.5425 0.701964 0.0472449 4 4 0
1.5425 0.701959 0.0472449 4 4 0
1.5425 0.701948 0.0472449 4 4 0
1.5425 0.701965 0.047245 4 4 0
