  0.30000001192092896     
  0.30000001192092896     
  0.30000001192092896     
  0.30000001192092896     
  0.30000001192092896     
  0.30000001192092896     
  0.30000001192092896     
  0.30000001192092896     
  0.30000001192092896     
  0.30000001192092896     
  0.30000001192092896     
  0.29999959558848022     
  0.29996680280964022     
  0.29996680280299598     
  0.29996680280964022     
  0.29996680280299598     
  0.29996680306753915     
  0.29996680254509583     
  0.29996680280631810     
  0.29996680280631810     
  0.29996680280631810     
  0.29996680280631810     
  0.29996680280631810     
  0.29996638680418070     
  0.29997456485591234     
  0.29997456485082097     
  0.29997456485591234     
  0.29997456485082097     
  0.29997456512642245     
  0.29997456458030902     
  0.29997456485336665     
  0.29997456485336665     
  0.29997456485336665     
  0.29997456485336665     
  0.29997456485336665     
  0.29997437367739149     
   6.5369967805059423E-002
   6.5369970706869437E-002
   6.5369967805059423E-002
   6.5369970706869437E-002
   6.5372534465681337E-002
   6.5367404126297296E-002
   6.5369969255964541E-002
   6.5369969255964541E-002
   6.5369969255964541E-002
   6.5369969255964541E-002
   6.5369969255964541E-002
   6.5369961183327427E-002
   6.7807889370654198E-002
   6.7807889764596424E-002
   6.7807889370654198E-002
   6.7807889764596452E-002
   6.7809511634299796E-002
   6.7806267539857870E-002
   6.7807889567625304E-002
   6.7807889567625304E-002
   6.7807889567625304E-002
   6.7807889567625304E-002
   6.7807889567625304E-002
   6.7807889293175203E-002
  0.29998340180543964     
  0.29998340180211708     
  0.29998340180543964     
  0.29998340180211708     
  0.29998340193444262     
  0.29998340167311349     
  0.29998340180377836     
  0.29998340180377836     
  0.29998340180377836     
  0.29998340180377836     
  0.29998340180377836     
  0.29998298563651965     
  0.29998729063590152     
  0.29998729063335677     
  0.29998729063590152     
  0.29998729063335677     
  0.29998729077114200     
  0.29998729049811540     
  0.29998729063462914     
  0.29998729063462914     
  0.29998729063462914     
  0.29998729063462914     
  0.29998729063462914     
  0.29998709938671408     
   7.6211679779756264E-002
   7.6211680479871716E-002
   7.6211679779756264E-002
   7.6211680479871716E-002
   7.6217706057629592E-002
   7.6205654674894152E-002
   7.6211680129814052E-002
   7.6211680129814052E-002
   7.6211680129814052E-002
   7.6211680129814052E-002
   7.6211680129814052E-002
   7.6211678962940774E-002
   3.9475418816581141E-002
   3.9475418829778015E-002
   3.9475418816581141E-002
   3.9475418829778015E-002
   3.9477087046871154E-002
   3.9473750664654743E-002
   3.9475418823179564E-002
   3.9475418823179564E-002
   3.9475418823179564E-002
   3.9475418823179564E-002
   3.9475418823179564E-002
   3.9475418816179629E-002
  0.29999170547297471     
  0.29999170547131326     
  0.29999170547297471     
  0.29999170547131326     
  0.29999170553748955     
  0.29999170540679815     
  0.29999170547214399     
  0.29999170547214399     
  0.29999170547214399     
  0.29999170547214399     
  0.29999170547214399     
  0.29999128922229890     
  0.29999365183795967     
  0.29999365183668758     
  0.29999365183795967     
  0.29999365183668758     
  0.29999365190557631     
  0.29999365176907050     
  0.29999365183732363     
  0.29999365183732363     
  0.29999365183732363     
  0.29999365183732363     
  0.29999365183732363     
  0.29999346055342840     
   7.8961364006220461E-002
   7.8961364182323274E-002
   7.8961364006220461E-002
   7.8961364182323274E-002
   7.8973560272539697E-002
   7.8949169828587115E-002
   7.8961364094271874E-002
   7.8961364094271874E-002
   7.8961364094271874E-002
   7.8961364094271874E-002
   7.8961364094271874E-002
   7.8961363899767587E-002
   3.7056896564971048E-002
   3.7056896565925021E-002
   3.7056896564971048E-002
   3.7056896565925021E-002
   3.7059604371965996E-002
   3.7054188938729658E-002
   3.7056896565448035E-002
   3.7056896565448035E-002
   3.7056896565448035E-002
   3.7056896565448035E-002
   3.7056896565448035E-002
   3.7056896564957593E-002
  0.29999585834936837     
  0.29999585834853765     
  0.29999585834936837     
  0.29999585834853765     
  0.29999585838162912     
  0.29999585831627673     
  0.29999585834895304     
  0.29999585834895304     
  0.29999585834895304     
  0.29999585834895304     
  0.29999585834895304     
  0.29999544205780820     
  0.29999683201782451     
  0.29999683201718846     
  0.29999683201782451     
  0.29999683201718846     
  0.29999683205163191     
  0.29999683198338084     
  0.29999683201750649     
  0.29999683201750649     
  0.29999683201750649     
  0.29999683201750649     
  0.29999683201750649     
  0.29999664071561860     
   7.9664899115837559E-002
   7.9664899160278912E-002
   7.9664899115837559E-002
   7.9664899160278912E-002
   7.9689134986874938E-002
   7.9640670808977437E-002
   7.9664899138058215E-002
   7.9664899138058215E-002
   7.9664899138058215E-002
   7.9664899138058215E-002
   7.9664899138058215E-002
   7.9664899101521414E-002
  0.14113135154799000     
  0.14113135154893175     
  0.14113135154799000     
  0.14113135154893175     
  0.14114969147495984     
  0.14111301369992241     
  0.14113135154846088     
  0.14113135154846088     
  0.14113135154846088     
  0.14113135154846088     
  0.14113135154846088     
  0.14113135154797685     
   4.5906565315057830E-002
   4.5906565315253674E-002
   4.5906565315057830E-002
   4.5906565315253674E-002
   4.5891755491868774E-002
   4.5921379722475134E-002
   4.5906565315155752E-002
   4.5906565315155752E-002
   4.5906565315155752E-002
   4.5906565315155752E-002
   4.5906565315155752E-002
   4.5906565315056130E-002
  0.29999793504824895     
  0.29999793504783351     
  0.29999793504824895     
  0.29999793504783351     
  0.29999793506438016     
  0.29999793503170225     
  0.29999793504804123     
  0.29999793504804123     
  0.29999793504804123     
  0.29999793504804123     
  0.29999793504804123     
  0.29999751873624503     
  0.29999842200257171     
  0.29999842200225374     
  0.29999842200257171     
  0.29999842200225374     
  0.29999842201947524     
  0.29999842198535009     
  0.29999842200241272     
  0.29999842200241272     
  0.29999842200241272     
  0.29999842200241272     
  0.29999842200241272     
  0.29999823069152787     
   7.9843570522007037E-002
   7.9843570533188218E-002
   7.9843570522007037E-002
   7.9843570533188218E-002
   7.9891749182396471E-002
   7.9795421546898476E-002
   7.9843570527597621E-002
   7.9843570527597621E-002
   7.9843570527597621E-002
   7.9843570527597621E-002
   7.9843570527597621E-002
   7.9843570519987375E-002
   4.2785989227254679E-003
   4.2785989227249015E-003
   4.2785989227254679E-003
   4.2785989227249015E-003
   4.2704273858523755E-003
   4.2867745247947677E-003
   4.2785989227251678E-003
   4.2785989227251678E-003
   4.2785989227251678E-003
   4.2785989227251678E-003
   4.2785989227251678E-003
   4.2785989227249015E-003
  -1.9619622898625143E-002
  -1.9619622898625209E-002
  -1.9619622898625143E-002
  -1.9619622898625209E-002
  -1.9619618376222510E-002
  -1.9619627420672258E-002
  -1.9619622898625143E-002
  -1.9619622898625143E-002
  -1.9619622898625143E-002
  -1.9619622898625143E-002
  -1.9619622898625143E-002
  -1.9619622898625209E-002
  0.29999897346286353     
  0.29999897346265580     
  0.29999897346286353     
  0.29999897346265580     
  0.29999897347092935     
  0.29999897345458998     
  0.29999897346275967     
  0.29999897346275967     
  0.29999897346275967     
  0.29999897346275967     
  0.29999897346275967     
  0.29999855714063728     
  0.29999921696865528     
  0.29999921696849635     
  0.29999921696865528     
  0.29999921696849635     
  0.29999921697710702     
  0.29999921696004456     
  0.29999921696857579     
  0.29999921696857579     
  0.29999921696857579     
  0.29999921696857579     
  0.29999921696857579     
  0.29999902565319231     
   7.9888631013949496E-002
   7.9888631016754946E-002
   7.9888631013949496E-002
   7.9888631016754946E-002
   7.9984647149208277E-002
   7.9792732633290467E-002
   7.9888631015352207E-002
   7.9888631015352207E-002
   7.9888631015352207E-002
   7.9888631015352207E-002
   7.9888631015352207E-002
   7.9888631013641465E-002
  -1.9166905508060463E-002
  -1.9166905508060463E-002
  -1.9166905508060463E-002
  -1.9166905508060463E-002
  -1.9167269509474415E-002
  -1.9166541137737459E-002
  -1.9166905508060463E-002
  -1.9166905508060463E-002
  -1.9166905508060463E-002
  -1.9166905508060463E-002
  -1.9166905508060463E-002
  -1.9166905508060463E-002
  0.29999949268646481     
  0.29999949268636095     
  0.29999949268646481     
  0.29999949268636095     
  0.29999949269049780     
  0.29999949268232801     
  0.29999949268641291     
  0.29999949268641291     
  0.29999949268641291     
  0.29999949268641291     
  0.29999949268641291     
  0.29999907635912737     
  0.29999961444513934     
  0.29999961444505990     
  0.29999961444513934     
  0.29999961444505990     
  0.29999961444936524     
  0.29999961444083395     
  0.29999961444509965     
  0.29999961444509965     
  0.29999961444509965     
  0.29999961444509965     
  0.29999961444509965     
  0.29999942312746675     
   7.9899943442535301E-002
   7.9899943443238017E-002
   7.9899943442535301E-002
   7.9899943443238017E-002
   8.0091686384512376E-002
   7.9708669483129740E-002
   7.9899943442886687E-002
   7.9899943442886687E-002
   7.9899943442886687E-002
   7.9899943442886687E-002
   7.9899943442886687E-002
   7.9899943442483051E-002
  -1.9703733211477194E-002
  -1.9703733211477194E-002
  -1.9703733211477194E-002
  -1.9703733211477194E-002
  -1.9703730122928923E-002
  -1.9703736293394905E-002
  -1.9703733211477194E-002
  -1.9703733211477194E-002
  -1.9703733211477194E-002
  -1.9703733211477194E-002
  -1.9703733211477194E-002
  -1.9703733211477194E-002
  0.29999975230233905     
  0.29999975230228709     
  0.29999975230233905     
  0.29999975230228709     
  0.29999975230435555     
  0.29999975230027059     
  0.29999975230231307     
  0.29999975230231307     
  0.29999975230231307     
  0.29999975230231307     
  0.29999975230231307     
  0.29999933597244594     
  0.29999981318173480     
  0.29999981318169500     
  0.29999981318173480     
  0.29999981318169500     
  0.29999981318384772     
  0.29999981317958208     
  0.29999981318171492     
  0.29999981318171492     
  0.29999981318171492     
  0.29999981318171492     
  0.29999981318171492     
  0.29999962186295731     
   7.9902774256201001E-002
   7.9902774256376860E-002
   7.9902774256201001E-002
   7.9902774256376860E-002
   8.0286300183562781E-002
   7.9521120034328277E-002
   7.9902774256288958E-002
   7.9902774256288958E-002
   7.9902774256288958E-002
   7.9902774256288958E-002
   7.9902774256288958E-002
   7.9902774256191036E-002
  -1.9649888176576872E-002
  -1.9649888176576872E-002
  -1.9649888176576872E-002
  -1.9649888176576872E-002
  -1.9649724248376139E-002
  -1.9650051388147956E-002
  -1.9649888176576872E-002
  -1.9649888176576872E-002
  -1.9649888176576872E-002
  -1.9649888176576872E-002
  -1.9649888176576872E-002
  -1.9649888176576872E-002
  0.29999988211129452     
  0.29999988211126855     
  0.29999988211129452     
  0.29999988211126855     
  0.29999988211230277     
  0.29999988211026030     
  0.29999988211128154     
  0.29999988211128154     
  0.29999988211128154     
  0.29999988211128154     
  0.29999988211128154     
  0.29999946578012360     
  0.29999991254962183     
  0.29999991254960195     
  0.29999991254962183     
  0.29999991254960195     
  0.29999991255067832     
  0.29999991254854547     
  0.29999991254961189     
  0.29999991254961189     
  0.29999991254961189     
  0.29999991254961189     
  0.29999991254961189     
  0.29999972123029200     
   7.9903479158999230E-002
   7.9903479159043223E-002
   7.9903479158999230E-002
   7.9903479159043223E-002
   8.0671953114178005E-002
   7.9142483124453475E-002
   7.9903479159021212E-002
   7.9903479159021212E-002
   7.9903479159021212E-002
   7.9903479159021212E-002
   7.9903479159021212E-002
   7.9903479158997134E-002
  -1.9625194783033522E-002
  -1.9625194783033522E-002
  -1.9625194783033522E-002
  -1.9625194783033522E-002
  -1.9624718955660762E-002
  -1.9625666438835426E-002
  -1.9625194783033522E-002
  -1.9625194783033522E-002
  -1.9625194783033522E-002
  -1.9625194783033522E-002
  -1.9625194783033522E-002
  -1.9625194783033522E-002
  0.29999994701602689     
  0.29999994701601390     
  0.29999994701602689     
  0.29999994701601390     
  0.29999994701653099     
  0.29999994701550975     
  0.29999994701602040     
  0.29999994701602040     
  0.29999994701602040     
  0.29999994701602040     
  0.29999994701602040     
  0.29999953068421703     
  0.29999996223346181     
  0.29999996223345193     
  0.29999996223346181     
  0.29999996223345193     
  0.29999996223399011     
  0.29999996223292363     
  0.29999996223345687     
  0.29999996223345687     
  0.29999996223345687     
  0.29999996223345687     
  0.29999996223345687     
  0.29999977091385577     
   7.9903650480054420E-002
   7.9903650480065411E-002
   7.9903650480054420E-002
   7.9903650480065411E-002
   8.1447610225824543E-002
   7.8389582017842963E-002
   7.9903650480059873E-002
   7.9903650480059873E-002
   7.9903650480059873E-002
   7.9903650480059873E-002
   7.9903650480059873E-002
   7.9903650480053948E-002
  -1.9618297560192236E-002
  -1.9618297560192236E-002
  -1.9618297560192236E-002
  -1.9618297560192236E-002
  -1.9617258750320801E-002
  -1.9619318214266549E-002
  -1.9618297560192236E-002
  -1.9618297560192236E-002
  -1.9618297560192236E-002
  -1.9618297560192236E-002
  -1.9618297560192236E-002
  -1.9618297560192236E-002
  0.29999997946845669     
  0.29999997946845020     
  0.29999997946845669     
  0.29999997946845020     
  0.29999997946870877     
  0.29999997946819812     
  0.29999997946845347     
  0.29999997946845347     
  0.29999997946845347     
  0.29999997946845347     
  0.29999997946845347     
  0.29999956313632742     
  0.29999998707535847     
  0.29999998707535352     
  0.29999998707535847     
  0.29999998707535352     
  0.29999998707562264     
  0.29999998707508935     
  0.29999998707535602     
  0.29999998707535602     
  0.29999998707535602     
  0.29999998707535602     
  0.29999998707535602     
  0.29999979575561431     
   7.9903683695121172E-002
   7.9903683695123934E-002
   7.9903683695121172E-002
   7.9903683695123934E-002
   8.3021240348228040E-002
   7.6905633983408675E-002
   7.9903683695122532E-002
   7.9903683695122532E-002
   7.9903683695122532E-002
   7.9903683695122532E-002
   7.9903683695122532E-002
   7.9903683695121061E-002
  -1.9616531625743002E-002
  -1.9616531625743002E-002
  -1.9616531625743002E-002
  -1.9616531625743002E-002
  -1.9614392438151732E-002
  -1.9618596664516704E-002
  -1.9616531625743002E-002
  -1.9616531625743002E-002
  -1.9616531625743002E-002
  -1.9616531625743002E-002
  -1.9616531625743002E-002
  -1.9616531625743002E-002
  0.29999999569468755     
  0.29999999569468427     
  0.29999999569468755     
  0.29999999569468427     
  0.29999999569481356     
  0.29999999569455821     
  0.29999999569468588     
  0.29999999569468588     
  0.29999999569468588     
  0.29999999569468588     
  0.29999999569468588     
  0.29999957936239852     
  0.29999999949629580     
  0.29999999949629330     
  0.29999999949629580     
  0.29999999949629330     
  0.29999999949642786     
  0.29999999949616124     
  0.29999999949629452     
  0.29999999949629452     
  0.29999999949629452     
  0.29999999949629452     
  0.29999999949629452     
  0.29999980817648259     
   7.9903674122348584E-002
   7.9903674122349305E-002
   7.9903674122348584E-002
   7.9903674122349305E-002
   8.6260948452598560E-002
   7.4024211050348510E-002
   7.9903674122348917E-002
   7.9903674122348917E-002
   7.9903674122348917E-002
   7.9903674122348917E-002
   7.9903674122348917E-002
   7.9903674122348542E-002
  -1.9616087985035124E-002
  -1.9616087985035124E-002
  -1.9616087985035124E-002
  -1.9616087985035124E-002
  -1.9611707699138992E-002
  -1.9620169662458893E-002
  -1.9616087985035124E-002
  -1.9616087985035124E-002
  -1.9616087985035124E-002
  -1.9616087985035124E-002
  -1.9616087985035124E-002
  -1.9616087985035124E-002
  0.30000000380780695     
  0.30000000380780528     
  0.30000000380780695     
  0.30000000380780528     
  0.30000000380786995     
  0.30000000380774228     
  0.30000000380780611     
  0.30000000380780611     
  0.30000000380780611     
  0.30000000380780611     
  0.30000000380780611     
  0.29999958747543803     
  0.30000000570677204     
  0.30000000570677077     
  0.30000000570677204     
  0.30000000570677077     
  0.30000000570683810     
  0.30000000570670471     
  0.30000000570677138     
  0.30000000570677138     
  0.30000000570677138     
  0.30000000570677138     
  0.30000000570677138     
  0.29999981438692430     
   7.9903635972904591E-002
   7.9903635972904757E-002
   7.9903635972904591E-002
   7.9903635972904730E-002
   9.3126768338413671E-002
   6.8591114357891919E-002
   7.9903635972904660E-002
   7.9903635972904660E-002
   7.9903635972904660E-002
   7.9903635972904660E-002
   7.9903635972904660E-002
   7.9903635972904591E-002
  -1.9615978929454353E-002
  -1.9615978929454353E-002
  -1.9615978929454353E-002
  -1.9615978929454353E-002
  -1.9606853542051599E-002
  -1.9623898873974390E-002
  -1.9615978929454353E-002
  -1.9615978929454353E-002
  -1.9615978929454353E-002
  -1.9615978929454353E-002
  -1.9615978929454353E-002
  -1.9615978929454353E-002
  0.30000000786436759     
  0.30000000786436681     
  0.30000000786436759     
  0.30000000786436681     
  0.30000000786439912     
  0.30000000786433528     
  0.30000000786436720     
  0.30000000786436720     
  0.30000000786436720     
  0.30000000786436720     
  0.30000000786436720     
  0.29999959153195882     
  0.30000000881078925     
  0.30000000881078864     
  0.30000000881078925     
  0.30000000881078864     
  0.30000000881082234     
  0.30000000881075556     
  0.30000000881078892     
  0.30000000881078892     
  0.30000000881078892     
  0.30000000881078892     
  0.30000000881078892     
  0.29999981749092425     
   7.9903501547855485E-002
   7.9903501547855513E-002
   7.9903501547855485E-002
   7.9903501547855513E-002
  0.10851196583917025     
   5.8931952698761308E-002
   7.9903501547855485E-002
   7.9903501547855485E-002
   7.9903501547855485E-002
   7.9903501547855485E-002
   7.9903501547855485E-002
   7.9903501547855485E-002
  -1.9615959846731194E-002
  -1.9615959846731194E-002
  -1.9615959846731194E-002
  -1.9615959846731194E-002
  -1.9596004307272513E-002
  -1.9630934972329022E-002
  -1.9615959846731194E-002
  -1.9615959846731194E-002
  -1.9615959846731194E-002
  -1.9615959846731194E-002
  -1.9615959846731194E-002
  -1.9615959846731194E-002
  0.30000000989264819     
  0.30000000989264780     
  0.30000000989264819     
  0.30000000989264780     
  0.30000000989266395     
  0.30000000989263204     
  0.30000000989264802     
  0.30000000989264802     
  0.30000000989264802     
  0.30000000989264802     
  0.30000000989264802     
  0.29999959356021944     
  0.30000001036337676     
  0.30000001036337648     
  0.30000001036337676     
  0.30000001036337648     
  0.30000001036339330     
  0.30000001036335994     
  0.30000001036337665     
  0.30000001036337665     
  0.30000001036337665     
  0.30000001036337665     
  0.30000001036337665     
  0.29999981904350315     
   7.9903285954431164E-002
   7.9903285954431205E-002
   7.9903285954431164E-002
   7.9903285954431164E-002
  0.14682180179567458     
   4.3531396917145505E-002
   7.9903285954431164E-002
   7.9903285954431164E-002
   7.9903285954431164E-002
   7.9903285954431164E-002
   7.9903285954431164E-002
   7.9903285954431164E-002
  -1.9615988084701611E-002
  -1.9615988084701611E-002
  -1.9615988084701611E-002
  -1.9615988084701611E-002
  -1.9565896255232192E-002
  -1.9643316616280736E-002
  -1.9615988084701611E-002
  -1.9615988084701611E-002
  -1.9615988084701611E-002
  -1.9615988084701611E-002
  -1.9615988084701611E-002
  -1.9615988084701611E-002
  0.30000001090678852     
  0.30000001090678835     
  0.30000001090678852     
  0.30000001090678835     
  0.30000001090679645     
  0.30000001090678047     
  0.30000001090678846     
  0.30000001090678846     
  0.30000001090678846     
  0.30000001090678846     
  0.30000001090678846     
  0.29999959457434977     
  0.30000001114461128     
  0.30000001114461111     
  0.30000001114461128     
  0.30000001114461111     
  0.30000001114461955     
  0.30000001114460284     
  0.30000001114461117     
  0.30000001114461117     
  0.30000001114461117     
  0.30000001114461117     
  0.30000001114461117     
  0.29999981982473328     
   7.9903722258218221E-002
   7.9903722258218249E-002
   7.9903722258218221E-002
   7.9903722258218249E-002
  0.25087588148600476     
   2.2998738779729279E-002
   7.9903722258218249E-002
   7.9903722258218249E-002
   7.9903722258218249E-002
   7.9903722258218249E-002
   7.9903722258218249E-002
   7.9903722258218221E-002
  -1.9616193700064590E-002
  -1.9616193700064590E-002
  -1.9616193700064590E-002
  -1.9616193700064590E-002
  -1.9421688808488526E-002
  -1.9662528614492872E-002
  -1.9616193700064590E-002
  -1.9616193700064590E-002
  -1.9616193700064590E-002
  -1.9616193700064590E-002
  -1.9616193700064590E-002
  -1.9616193700064590E-002
  0.30000001141385874     
  0.30000001141385862     
  0.30000001141385874     
  0.30000001141385862     
  0.30000001141386268     
  0.30000001141385474     
  0.30000001141385868     
  0.30000001141385868     
  0.30000001141385868     
  0.30000001141385868     
  0.30000001141385868     
  0.29999959508141499     
  0.30000001153276545     
  0.30000001153276540     
  0.30000001153276545     
  0.30000001153276540     
  0.30000001153276962     
  0.30000001153276129     
  0.30000001153276545     
  0.30000001153276545     
  0.30000001153276545     
  0.30000001153276545     
  0.30000001153276545     
  0.29999982021288535     
   7.9903737141506309E-002
   7.9903737141506309E-002
   7.9903737141506309E-002
   7.9903737141506309E-002
  0.20827181297444311     
   3.1102537538953575E-003
   7.9903737141506309E-002
   7.9903737141506309E-002
   7.9903737141506309E-002
   7.9903737141506309E-002
   7.9903737141506309E-002
   7.9903737141506309E-002
  -1.9616533204790357E-002
  -1.9616533204790357E-002
  -1.9616533204790357E-002
  -1.9616533204790357E-002
  -1.9462120262632488E-002
  -1.9659945383984707E-002
  -1.9616533204790357E-002
  -1.9616533204790357E-002
  -1.9616533204790357E-002
  -1.9616533204790357E-002
  -1.9616533204790357E-002
  -1.9616533204790357E-002
  0.30000001166739387     
  0.30000001166739376     
  0.30000001166739387     
  0.30000001166739376     
  0.30000001166739582     
  0.30000001166739182     
  0.30000001166739382     
  0.30000001166739382     
  0.30000001166739382     
  0.30000001166739382     
  0.30000001166739382     
  0.29999959533494763     
  0.30000001172684260     
  0.30000001172684254     
  0.30000001172684260     
  0.30000001172684254     
  0.30000001172684465     
  0.30000001172684049     
  0.30000001172684254     
  0.30000001172684254     
  0.30000001172684254     
  0.30000001172684254     
  0.30000001172684254     
  0.29999982040696138     
   7.9903759178855296E-002
   7.9903759178855296E-002
   7.9903759178855296E-002
   7.9903759178855296E-002
   1.7507758992384499E-002
  -1.0250342764488688E-002
   7.9903759178855338E-002
   7.9903759178855338E-002
   7.9903759178855338E-002
   7.9903759178855338E-002
   7.9903759178855338E-002
   7.9903759178855296E-002
  0.30000001179416141     
  0.30000001179416141     
  0.30000001179416141     
  0.30000001179416141     
  0.30000001179416241     
  0.30000001179416041     
  0.30000001179416141     
  0.30000001179416141     
  0.30000001179416141     
  0.30000001179416141     
  0.30000001179416141     
  0.29999959546171390     
  0.30000001182388114     
  0.30000001182388114     
  0.30000001182388114     
  0.30000001182388114     
  0.30000001182388220     
  0.30000001182388009     
  0.30000001182388114     
  0.30000001182388114     
  0.30000001182388114     
  0.30000001182388114     
  0.30000001182388114     
  0.29999982050399937     
   7.9903787805141305E-002
   7.9903787805141277E-002
   7.9903787805141305E-002
   7.9903787805141277E-002
  -1.3306828017742797E-002
  -1.6521705883174434E-002
   7.9903787805141277E-002
   7.9903787805141277E-002
   7.9903787805141277E-002
   7.9903787805141277E-002
   7.9903787805141277E-002
   7.9903787805141277E-002
  0.30000001185754521     
  0.30000001185754516     
  0.30000001185754521     
  0.30000001185754516     
  0.30000001185754571     
  0.30000001185754471     
  0.30000001185754521     
  0.30000001185754521     
  0.30000001185754521     
  0.30000001185754521     
  0.30000001185754521     
  0.29999959552509703     
  0.30000001187240039     
  0.30000001187240039     
  0.30000001187240039     
  0.30000001187240039     
  0.30000001187240094     
  0.30000001187239989     
  0.30000001187240039     
  0.30000001187240039     
  0.30000001187240039     
  0.30000001187240039     
  0.30000001187240039     
  0.29999982055251834     
   7.9903814166035689E-002
   7.9903814166035689E-002
   7.9903814166035689E-002
   7.9903814166035689E-002
  -1.8377693357734360E-002
  -1.8769986425084380E-002
   7.9903814166035689E-002
   7.9903814166035689E-002
   7.9903814166035689E-002
   7.9903814166035689E-002
   7.9903814166035689E-002
   7.9903814166035689E-002
  0.30000001188923708     
  0.30000001188923708     
  0.30000001188923708     
  0.30000001188923708     
  0.30000001188923731     
  0.30000001188923681     
  0.30000001188923708     
  0.30000001188923708     
  0.30000001188923708     
  0.30000001188923708     
  0.30000001188923708     
  0.29999959555678862     
  0.30000001189666009     
  0.30000001189666009     
  0.30000001189666009     
  0.30000001189666009     
  0.30000001189666031     
  0.30000001189665981     
  0.30000001189666009     
  0.30000001189666009     
  0.30000001189666009     
  0.30000001189666009     
  0.30000001189666009     
  0.29999982057677788     
   7.9903866870210408E-002
   7.9903866870210408E-002
   7.9903866870210408E-002
   7.9903866870210408E-002
  -1.9402702670628859E-002
  -1.9451408868594703E-002
   7.9903866870210408E-002
   7.9903866870210408E-002
   7.9903866870210408E-002
   7.9903866870210408E-002
   7.9903866870210408E-002
   7.9903866870210408E-002
  0.30000001190508302     
  0.30000001190508302     
  0.30000001190508302     
  0.30000001190508302     
  0.30000001190508313     
  0.30000001190508291     
  0.30000001190508302     
  0.30000001190508302     
  0.30000001190508302     
  0.30000001190508302     
  0.30000001190508302     
  0.29999959557263445     
  0.30000001190878989     
  0.30000001190878989     
  0.30000001190878989     
  0.30000001190878989     
  0.30000001190879000     
  0.30000001190878972     
  0.30000001190878989     
  0.30000001190878989     
  0.30000001190878989     
  0.30000001190878989     
  0.30000001190878989     
  0.29999982058890762     
   7.9904219788553263E-002
   7.9904219788553263E-002
   7.9904219788553263E-002
   7.9904219788553263E-002
  -1.9633449267761598E-002
  -1.9639521157408874E-002
   7.9904219788553263E-002
   7.9904219788553263E-002
   7.9904219788553263E-002
   7.9904219788553263E-002
   7.9904219788553263E-002
   7.9904219788553263E-002
  0.30000001191300601     
  0.30000001191300601     
  0.30000001191300601     
  0.30000001191300601     
  0.30000001191300607     
  0.30000001191300590     
  0.30000001191300601     
  0.30000001191300601     
  0.30000001191300601     
  0.30000001191300601     
  0.30000001191300601     
  0.29999959558055733     
  0.30000001191485476     
  0.30000001191485476     
  0.30000001191485476     
  0.30000001191485476     
  0.30000001191485487     
  0.30000001191485470     
  0.30000001191485476     
  0.30000001191485476     
  0.30000001191485476     
  0.30000001191485476     
  0.30000001191485476     
  0.29999982059497249     
   7.9904678881201854E-002
   7.9904678881201854E-002
   7.9904678881201854E-002
   7.9904678881201854E-002
  -1.9688199154803451E-002
  -1.9688956163239960E-002
   7.9904678881201854E-002
   7.9904678881201854E-002
   7.9904678881201854E-002
   7.9904678881201854E-002
   7.9904678881201854E-002
   7.9904678881201854E-002
  0.30000001191696746     
  0.30000001191696746     
  0.30000001191696746     
  0.30000001191696746     
  0.30000001191696751     
  0.30000001191696740     
  0.30000001191696746     
  0.30000001191696746     
  0.30000001191696746     
  0.30000001191696746     
  0.30000001191696746     
  0.29999959558451877     
  0.30000001191788728     
  0.30000001191788728     
  0.30000001191788728     
  0.30000001191788728     
  0.30000001191788728     
  0.30000001191788722     
  0.30000001191788728     
  0.30000001191788728     
  0.30000001191788728     
  0.30000001191788728     
  0.30000001191788728     
  0.29999982059800495     
   7.9905598972407635E-002
   7.9905598972407635E-002
   7.9905598972407704E-002
   7.9905598972407635E-002
  -1.9701525993413897E-002
  -1.9701620191419505E-002
   7.9905598972407704E-002
   7.9905598972407704E-002
   7.9905598972407704E-002
   7.9905598972407704E-002
   7.9905598972407704E-002
   7.9905598972407635E-002
