0 0.037056 0.037056 2 1 0
0.0002 0.0370559 0.0370559 1 1 0
0.0004 0.0370559 0.0370559 1 1 0
0.0008 0.0370558 0.0370558 1 1 0
0.0016 0.0370556 0.0370556 1 1 0
0.0032 0.0370553 0.0370553 1 1 0
0.0064 0.0370546 0.0370546 1 1 0
0.0128 0.0370537 0.0370537 1 1 0
0.0228 0.0370533 0.0370533 1 1 0
0.0328 0.037054 0.037054 1 1 0
0.0428 0.0370558 0.0370558 1 1 0
0.0528 0.0370589 0.0370589 1 1 0
0.0628 0.0370631 0.0370631 1 1 0
0.0728 0.0370684 0.0370684 1 1 0
0.0828 0.037075 0.037075 1 1 0
0.0928 0.0370826 0.0370826 1 1 0
0.1028 0.0370915 0.0370915 1 1 0
0.1128 0.0371015 0.0371015 1 1 0
0.1228 0.0371127 0.0371127 1 1 0
0.1328 0.037125 0.037125 1 1 0
0.1428 0.0371385 0.0371385 1 1 0
0.1528 0.0371532 0.0371532 1 1 0
0.1628 0.037169 0.037169 1 1 0
0.1728 0.037186 0.037186 1 1 0
0.1828 0.0372041 0.0372041 1 1 0
0.192799 0.0372234 0.0372234 1 1 0
0.202799 0.0372438 0.0372438 1 1 0
0.212799 0.0372654 0.0372654 1 1 0
0.222799 0.0372881 0.0372881 1 1 0
0.232799 0.037312 0.037312 1 1 0
0.242799 0.037337 0.037337 1 1 0
0.252799 0.0373631 0.0373631 1 1 0
0.262798 0.0373904 0.0373904 1 1 0
0.272798 0.0374188 0.0374188 1 1 0
0.282798 0.0374484 0.0374484 1 1 0
0.292798 0.037479 0.037479 1 1 0
0.302798 0.0375108 0.0375108 1 1 0
0.312797 0.0375437 0.0375437 1 1 0
0.322797 0.0375778 0.0375778 1 1 0
0.332797 0.0376129 0.0376129 1 1 0
0.342796 0.0376491 0.0376491 1 1 0
0.352796 0.0376865 0.0376865 1 1 0
0.362795 0.0377249 0.0377249 1 1 0
0.372795 0.0377644 0.0377644 1 1 0
0.382795 0.037805 0.037805 1 1 0
0.392794 0.0378467 0.0378467 1 1 0
0.402794 0.0378895 0.0378895 1 1 0
0.412793 0.0379334 0.0379334 1 1 0
0.422793 0.0379783 0.0379783 1 1 0
0.432792 0.0380243 0.0380243 1 1 0
0.442791 0.0380713 0.0380713 1 1 0
0.452791 0.0381194 0.0381194 1 1 0
0.46279 0.0381685 0.0381685 1 1 0
0.472789 0.0382187 0.0382187 1 1 0
0.482789 0.0382699 0.0382699 1 1 0
0.492788 0.0383222 0.0383222 1 1 0
0.502787 0.0383754 0.0383754 1 1 0
0.512786 0.0384297 0.0384297 1 1 0
0.522785 0.038485 0.038485 1 1 0
0.532784 0.0385413 0.0385413 1 1 0
0.542783 0.0385986 0.0385986 1 1 0
0.552782 0.0386569 0.0386569 1 1 0
0.562781 0.0387162 0.0387162 1 1 0
0.57278 0.0387765 0.0387765 1 1 0
0.582779 0.0388377 0.0388377 1 1 0
0.592778 0.0388999 0.0388999 1 1 0
0.602777 0.0389631 0.0389631 1 1 0
0.612775 0.0390272 0.0390272 1 1 0
0.622774 0.0390923 0.0390923 1 1 0
0.632773 0.0391584 0.0391584 1 1 0
0.642771 0.0392253 0.0392253 1 1 0
0.65277 0.0392932 0.0392932 1 1 0
0.662768 0.0393621 0.0393621 1 1 0
0.672767 0.0394318 0.0394318 1 1 0
0.682765 0.0395025 0.0395025 1 1 0
0.692763 0.039574 0.039574 1 1 0
0.702761 0.0396465 0.0396465 1 1 0
0.71276 0.0397198 0.0397198 1 1 0
0.722758 0.0397941 0.0397941 1 1 0
0.732756 0.0398692 0.0398692 1 1 0
0.742754 0.0399452 0.0399452 1 1 0
0.752752 0.0400221 0.0400221 1 1 0
0.76275 0.0400998 0.0400998 1 1 0
0.772747 0.0401784 0.0401784 1 1 0
0.782745 0.0402579 0.0402579 1 1 0
0.792743 0.0403381 0.0403381 1 1 0
0.80274 0.0404193 0.0404193 1 1 0
0.812738 0.0405012 0.0405012 1 1 0
0.822735 0.040584 0.040584 1 1 0
0.832733 0.0406676 0.0406676 1 1 0
0.84273 0.040752 0.040752 1 1 0
0.852727 0.0408373 0.0408373 1 1 0
0.862724 0.0409233 0.0409233 1 1 0
0.872721 0.0410101 0.0410101 1 1 0
0.882718 0.0410978 0.0410978 1 1 0
0.892715 0.0411862 0.0411862 1 1 0
0.902712 0.0412754 0.0412754 1 1 0
0.912709 0.0413654 0.0413654 1 1 0
0.922705 0.0414561 0.0414561 1 1 0
0.932702 0.0415476 0.0415476 1 1 0
0.942698 0.0416399 0.0416399 1 1 0
0.952694 0.041733 0.041733 1 1 0
0.962691 0.0418268 0.0418268 1 1 0
0.972687 0.0419214 0.0419214 1 1 0
0.982683 0.0420167 0.0420167 1 1 0
0.992678 0.0421128 0.0421128 1 1 0
1.00267 0.0422096 0.0422096 1 1 0
1.01267 0.0423071 0.0423071 1 1 0
1.02267 0.0424054 0.0424054 1 1 0
1.03266 0.0425044 0.0425044 1 1 0
1.04266 0.0426042 0.0426042 1 1 0
1.05265 0.0427046 0.0427046 1 1 0
1.06265 0.0428058 0.0428058 1 1 0
1.07264 0.0429078 0.0429078 1 1 0
1.08264 0.0430104 0.0430104 1 1 0
1.09263 0.0431138 0.0431138 1 1 0
1.10263 0.0432179 0.0432179 1 1 0
1.11262 0.0433227 0.0433227 1 1 0
1.12261 0.0434282 0.0434282 1 1 0
1.13261 0.0435345 0.0435345 1 1 0
1.1426 0.0436414 0.0436414 1 1 0
1.1526 0.0437491 0.0437491 1 1 0
1.16259 0.0438575 0.0438575 1 1 0
1.17258 0.0439666 0.0439666 1 1 0
1.18258 0.0440765 0.0440765 1 1 0
1.19257 0.0441871 0.0441871 1 1 0
1.20256 0.0442984 0.0442984 1 1 0
1.21255 0.0444104 0.0444104 1 1 0
1.22255 0.0445232 0.0445232 1 1 0
1.23254 0.0446366 0.0446366 1 1 0
1.24253 0.0447509 0.0447509 1 1 0
1.25252 0.0448659 0.0448659 1 1 0
1.26252 0.0449816 0.0449816 1 1 0
1.27251 0.045098 0.045098 1 1 0
1.2825 0.0452153 0.0452153 1 1 0
1.29249 0.0453333 0.0453333 1 1 0
1.30248 0.045452 0.045452 1 1 0
1.31247 0.0455716 0.0455716 1 1 0
1.32246 0.0456919 0.0456919 1 1 0
1.33245 0.045813 0.045813 1 1 0
1.34244 0.0459349 0.0459349 1 1 0
1.35243 0.0460577 0.0460577 1 1 0
1.36242 0.0461812 0.0461812 1 1 0
1.37241 0.0463056 0.0463056 1 1 0
1.3824 0.0464308 0.0464308 1 1 0
1.39239 0.0465569 0.0465569 1 1 0
1.40237 0.0466839 0.0466839 1 1 0
1.41236 0.0468117 0.0468117 1 1 0
1.42235 0.0469405 0.0469405 1 1 0
1.43234 0.0470701 0.0470701 1 1 0
1.44232 0.0472007 0.0472007 1 1 0
1.45231 0.0473323 0.0473323 1 1 0
1.4623 0.0474648 0.0474648 1 1 0
1.47228 0.0475982 0.0475982 1 1 0
1.48227 0.0477327 0.0477327 1 1 0
1.49225 0.0478683 0.0478683 1 1 0
1.50223 0.0480048 0.0480048 1 1 0
1.51222 0.0481425 0.0481425 1 1 0
1.5222 0.0482812 0.0482812 1 1 0
1.53218 0.0484211 0.0484211 1 1 0
1.54217 0.0485622 0.0485622 1 1 0
1.55215 0.0487044 0.0487044 1 1 0
1.56213 0.0488478 0.0488478 1 1 0
1.57211 0.0489925 0.0489925 1 1 0
1.58209 0.0491385 0.0491385 1 1 0
1.59207 0.0492859 0.0492859 1 1 0
1.60205 0.0494346 0.0494346 1 1 0
1.61202 0.0495847 0.0495847 1 1 0
1.622 0.0497362 0.0497362 1 1 0
1.63198 0.0498893 0.0498893 1 1 0
1.64195 0.0500439 0.0500439 1 1 0
1.65193 0.0502001 0.0502001 1 1 0
1.6619 0.050358 0.050358 1 1 0
1.67187 0.0505175 0.0505175 1 1 0
1.68184 0.0506789 0.0506789 1 1 0
1.69182 0.0508422 0.0508422 1 1 0
1.70178 0.0510073 0.0510073 1 1 0
1.71175 0.0511745 0.0511745 1 1 0
1.72172 0.0513437 0.0513437 1 1 0
1.73168 0.0515151 0.0515151 1 1 0
1.74165 0.0516888 0.0516888 1 1 0
1.75161 0.0518648 0.0518648 1 1 0
1.76157 0.0520433 0.0520433 1 1 0
1.77153 0.0522244 0.0522244 1 1 0
1.78148 0.0524082 0.0524082 1 1 0
1.79144 0.0525949 0.0525949 1 1 0
1.80139 0.0527846 0.0527846 1 1 0
1.81134 0.0529774 0.0529774 1 1 0
1.82129 0.0531736 0.0531736 1 1 0
1.83123 0.0533733 0.0533733 1 1 0
1.84117 0.0535767 0.0535767 1 1 0
1.85111 0.053784 0.053784 1 1 0
1.86104 0.0539956 0.0539956 1 1 0
1.87097 0.0542117 0.0542117 1 1 0
1.8809 0.0544325 0.0544325 1 1 0
1.89082 0.0546585 0.0546585 1 1 0
1.90073 0.05489 0.05489 1 1 0
1.91064 0.0551275 0.0551275 1 1 0
1.92054 0.0553714 0.0553714 1 1 0
1.93044 0.0556224 0.0556224 1 1 0
1.94032 0.055881 0.055881 1 1 0
1.9502 0.056148 0.056148 1 1 0
1.96006 0.0564243 0.0564243 1 1 0
1.96991 0.0567109 0.0567109 1 1 0
1.97974 0.057009 0.057009 1 1 0
1.98955 0.0573202 0.0573202 1 1 0
1.99934 0.0576462 0.0576462 1 1 0
2.00911 0.0579893 0.0579893 1 1 0
2.01883 0.0583524 0.0583524 1 1 0
2.02851 0.0587394 0.0587394 1 1 0
2.03812 0.0591551 0.0591551 1 1 0
2.04765 0.0596067 0.0596067 1 1 0
2.05706 0.0601045 0.0601045 1 1 0
2.06627 0.0606644 0.0606644 1 1 0
2.07516 0.0613132 0.0613132 1 1 0
2.08337 0.0620993 0.0620993 1 1 0
2.08994 0.0631123 0.0631123 2 1 0
2.0921 0.0641282 0.0641282 2 1 0
2.08914 0.0653341 0.0653341 2 1 0
2.0828 0.066283 0.066283 2 1 0
2.07516 0.0670569 0.0670569 2 1 0
2.0669 0.0677219 0.0677219 2 1 0
2.0583 0.0683142 0.0683142 2 1 0
2.04947 0.0688542 0.0688542 2 1 0
2.0405 0.0693549 0.0693549 2 1 0
2.03142 0.0698248 0.0698248 2 1 0
2.02225 0.07027 0.07027 2 1 0
2.01302 0.0706947 0.0706947 2 1 0
2.00374 0.0711022 0.0711022 2 1 0
1.99442 0.0714952 0.0714952 2 1 0
1.98507 0.0718757 0.0718757 2 1 0
1.97568 0.0722454 0.0722454 2 1 0
1.96627 0.0726057 0.0726057 2 1 0
1.95684 0.0729576 0.0729576 2 1 0
1.9474 0.0733022 0.0733022 2 1 0
1.93794 0.0736403 0.0736403 2 1 0
1.92846 0.0739727 0.0739727 2 1 0
1.91897 0.0742998 0.0742998 2 1 0
1.90948 0.0746224 0.0746224 2 1 0
1.89997 0.0749408 0.0749408 2 1 0
1.89046 0.0752556 0.0752556 2 1 0
1.88094 0.0755671 0.0755671 2 1 0
1.87142 0.0758756 0.0758756 2 1 0
1.86189 0.0761815 0.0761815 2 1 0
1.85236 0.0764851 0.0764851 2 1 0
1.84283 0.0767867 0.0767867 2 1 0
1.83329 0.0770865 0.0770865 2 1 0
1.82376 0.0773847 0.0773847 2 1 0
1.81422 0.0776815 0.0776815 2 1 0
1.80468 0.0779772 0.0779772 2 1 0
1.79514 0.078272 0.078272 2 1 0
1.7856 0.078566 0.078566 2 1 0
1.77606 0.0788593 0.0788593 2 1 0
1.76653 0.0791522 0.0791522 2 1 0
1.75699 0.0794449 0.0794449 2 1 0
1.74746 0.0797374 0.0797374 2 1 0
1.73793 0.0800298 0.0800298 2 1 0
1.7284 0.0803225 0.0803225 2 1 0
1.71887 0.0806153 0.0806153 2 1 0
1.70935 0.0809086 0.0809086 2 1 0
1.69984 0.0812024 0.0812024 2 1 0
1.69032 0.0814968 0.0814968 2 1 0
1.68081 0.081792 0.081792 2 1 0
1.67131 0.0820881 0.0820881 2 1 0
1.66181 0.0823851 0.0823851 2 1 0
1.65232 0.0826833 0.0826833 2 1 0
1.64283 0.0829826 0.0829826 2 1 0
1.63335 0.0832833 0.0832833 2 1 0
1.62388 0.0835855 0.0835855 2 1 0
1.61441 0.0838892 0.0838892 2 1 0
1.60495 0.0841946 0.0841946 2 1 0
1.5955 0.0845017 0.0845017 2 1 0
1.58605 0.0848107 0.0848107 2 1 0
1.57662 0.0851218 0.0851218 2 1 0
1.56719 0.0854349 0.0854349 2 1 0
1.55778 0.0857503 0.0857503 2 1 0
1.54837 0.086068 0.086068 2 1 0
1.53897 0.0863882 0.0863882 2 1 0
1.52959 0.086711 0.086711 2 1 0
1.52021 0.0870365 0.0870365 2 1 0
1.51085 0.0873648 0.0873648 2 1 0
1.5015 0.0876961 0.0876961 2 1 0
1.49216 0.0880305 0.0880305 2 1 0
1.48284 0.0883681 0.0883681 2 1 0
1.47353 0.0887091 0.0887091 2 1 0
1.46423 0.0890535 0.0890535 2 1 0
1.45495 0.0894017 0.0894017 2 1 0
1.44569 0.0897536 0.0897536 2 1 0
1.43644 0.0901095 0.0901095 2 1 0
1.42721 0.0904695 0.0904695 2 1 0
1.41799 0.0908338 0.0908338 2 1 0
1.4088 0.0912025 0.0912025 2 1 0
1.39962 0.0915758 0.0915758 2 1 0
1.39046 0.091954 0.091954 2 1 0
1.38133 0.0923372 0.0923372 2 1 0
1.37222 0.0927255 0.0927255 2 1 0
1.36313 0.0931193 0.0931193 2 1 0
1.35406 0.0935187 0.0935187 2 1 0
1.34502 0.0939239 0.0939239 2 1 0
1.336 0.0943353 0.0943353 2 1 0
1.32701 0.0947529 0.0947529 2 1 0
1.31805 0.0951772 0.0951772 2 1 0
1.30913 0.0956082 0.0956082 2 1 0
1.30023 0.0960465 0.0960465 2 1 0
1.29136 0.0964921 0.0964921 2 1 0
1.28253 0.0969455 0.0969455 2 1 0
1.27373 0.097407 0.097407 2 1 0
1.26497 0.0978769 0.0978769 2 1 0
1.25625 0.0983556 0.0983556 2 1 0
1.24758 0.0988434 0.0988434 2 1 0
1.23894 0.0993409 0.0993409 2 1 0
1.23035 0.0998483 0.0998483 2 1 0
1.22181 0.100366 0.100366 2 1 0
1.21332 0.100895 0.100895 2 1 0
1.20488 0.101436 0.101436 2 1 0
1.1965 0.101988 0.101988 2 1 0
1.18818 0.102553 0.102553 2 1 0
1.17992 0.103131 0.103131 2 1 0
1.17172 0.103724 0.103724 2 1 0
1.1636 0.10433 0.10433 2 1 0
1.15555 0.104953 0.104953 2 1 0
1.14758 0.105591 0.105591 2 1 0
1.13969 0.106247 0.106247 2 1 0
1.13189 0.106921 0.106921 2 1 0
1.12419 0.107614 0.107614 2 1 0
1.11658 0.108328 0.108328 2 1 0
1.10909 0.109063 0.109063 2 1 0
1.10171 0.109821 0.109821 2 1 0
1.09446 0.110604 0.110604 2 1 0
1.08734 0.111413 0.111413 2 1 0
1.08037 0.112249 0.112249 2 1 0
1.07355 0.113116 0.113116 2 1 0
1.06691 0.114014 0.114014 2 1 0
1.06045 0.114947 0.114947 2 1 0
1.0542 0.115916 0.115916 2 1 0
1.04817 0.116925 0.116925 2 1 0
1.04239 0.117977 0.117977 2 1 0
1.03688 0.119075 0.119075 2 1 0
1.03168 0.120223 0.120223 2 1 0
1.02682 0.121425 0.121425 2 1 0
1.02233 0.122685 0.122685 2 1 0
1.01828 0.124009 0.124009 2 1 0
1.0147 0.125399 0.125399 2 1 0
1.01168 0.126861 0.126861 2 1 0
1.00926 0.128398 0.128398 2 1 0
1.00754 0.130012 0.130012 2 1 0
1.00659 0.131704 0.131704 2 1 0
1.00643 0.13276 0.13276 2 1 0
1.00688 0.134567 0.134567 2 1 0
1.00828 0.136432 0.136432 2 1 0
1.01065 0.138343 0.138343 2 1 0
1.01399 0.140279 0.140279 2 1 0
1.01825 0.142222 0.142222 2 1 0
1.02336 0.144152 0.144152 2 1 0
1.02922 0.146053 0.146053 2 1 0
1.03572 0.147914 0.147914 2 1 0
1.04277 0.149725 0.149725 2 1 0
1.05027 0.151484 0.151484 2 1 0
1.05816 0.153187 0.153187 2 1 0
1.06635 0.154836 0.154836 2 1 0
1.0748 0.156431 0.156431 2 1 0
1.08346 0.157975 0.157975 2 1 0
1.09229 0.15947 0.15947 2 1 0
1.10128 0.160919 0.160919 2 1 0
1.11039 0.162324 0.162324 2 1 0
1.1196 0.163689 0.163689 2 1 0
1.1289 0.165015 0.165015 2 1 0
1.13828 0.166305 0.166305 2 1 0
1.14772 0.167562 0.167562 2 1 0
1.15722 0.168786 0.168786 2 1 0
1.16676 0.169981 0.169981 2 1 0
1.17635 0.171147 0.171147 2 1 0
1.18598 0.172287 0.172287 2 1 0
1.19564 0.173401 0.173401 2 1 0
1.20533 0.174492 0.174492 2 1 0
1.21504 0.175559 0.175559 2 1 0
1.22478 0.176605 0.176605 2 1 0
1.23453 0.177631 0.177631 2 1 0
1.24431 0.178637 0.178637 2 1 0
1.2541 0.179624 0.179624 2 1 0
1.2639 0.180594 0.180594 2 1 0
1.27372 0.181547 0.181547 2 1 0
1.28355 0.182483 0.182483 2 1 0
1.29339 0.183404 0.183404 2 1 0
1.30324 0.184309 0.184309 2 1 0
1.3131 0.185201 0.185201 2 1 0
1.32297 0.186078 0.186078 2 1 0
1.33285 0.186943 0.186943 2 1 0
1.34273 0.187794 0.187794 2 1 0
1.35262 0.188633 0.188633 2 1 0
1.36252 0.18946 0.18946 2 1 0
1.37242 0.190276 0.190276 2 1 0
1.38232 0.19108 0.19108 2 1 0
1.39224 0.191874 0.191874 2 1 0
1.40215 0.192657 0.192657 2 1 0
1.41207 0.193431 0.193431 2 1 0
1.42199 0.194194 0.194194 2 1 0
1.43192 0.194948 0.194948 2 1 0
1.44185 0.195693 0.195693 2 1 0
1.45178 0.196429 0.196429 2 1 0
1.46172 0.197156 0.197156 2 1 0
1.47166 0.197875 0.197875 2 1 0
1.4816 0.198586 0.198586 2 1 0
1.49154 0.199288 0.199288 2 1 0
1.50148 0.199983 0.199983 2 1 0
1.51143 0.20067 0.20067 2 1 0
1.52138 0.20135 0.20135 2 1 0
1.53133 0.202023 0.202023 2 1 0
1.54129 0.202689 0.202689 2 1 0
1.55124 0.203348 0.203348 2 1 0
1.5612 0.204 0.204 2 1 0
1.57116 0.204646 0.204646 2 1 0
1.58111 0.205286 0.205286 2 1 0
1.59107 0.205919 0.205919 2 1 0
1.60104 0.206546 0.206546 2 1 0
1.611 0.207168 0.207168 2 1 0
1.62096 0.207783 0.207783 2 1 0
1.63093 0.208393 0.208393 2 1 0
1.6409 0.208997 0.208997 2 1 0
1.65086 0.209596 0.209596 2 1 0
1.66083 0.21019 0.21019 2 1 0
1.6708 0.210778 0.210778 2 1 0
1.68077 0.211362 0.211362 2 1 0
1.69074 0.21194 0.21194 2 1 0
1.70071 0.212513 0.212513 2 1 0
1.71069 0.213082 0.213082 2 1 0
1.72066 0.213646 0.213646 2 1 0
1.73063 0.214205 0.214205 2 1 0
1.74061 0.21476 0.21476 2 1 0
1.75058 0.21531 0.21531 2 1 0
1.76056 0.215856 0.215856 2 1 0
1.77054 0.216398 0.216398 2 1 0
1.78051 0.216936 0.216936 2 1 0
1.79049 0.217469 0.217469 2 1 0
1.80047 0.217998 0.217998 2 1 0
1.81045 0.218524 0.218524 2 1 0
1.82043 0.219045 0.219045 2 1 0
1.8304 0.219563 0.219563 2 1 0
1.84038 0.220077 0.220077 2 1 0
1.85036 0.220587 0.220587 2 1 0
1.86035 0.221093 0.221093 2 1 0
1.87033 0.221596 0.221596 2 1 0
1.88031 0.222096 0.222096 2 1 0
1.89029 0.222592 0.222592 2 1 0
1.90027 0.223084 0.223084 2 1 0
1.91026 0.223573 0.223573 2 1 0
1.92024 0.224059 0.224059 2 1 0
1.93022 0.224542 0.224542 2 1 0
1.94021 0.225021 0.225021 2 1 0
1.95019 0.225497 0.225497 2 1 0
1.96017 0.22597 0.22597 2 1 0
1.97016 0.22644 0.22644 2 1 0
1.98014 0.226907 0.226907 2 1 0
1.99013 0.227371 0.227371 2 1 0
2.00011 0.227833 0.227833 2 1 0
2.0101 0.228291 0.228291 2 1 0
2.02008 0.228746 0.228746 2 1 0
2.03007 0.229199 0.229199 2 1 0
2.04006 0.229649 0.229649 2 1 0
2.05004 0.230096 0.230096 2 1 0
2.06003 0.230541 0.230541 2 1 0
2.07002 0.230983 0.230983 2 1 0
2.08 0.231422 0.231422 2 1 0
2.08999 0.231859 0.231859 2 1 0
2.09998 0.232293 0.232293 2 1 0
2.10997 0.232725 0.232725 2 1 0
2.11996 0.233154 0.233154 2 1 0
2.12994 0.233581 0.233581 2 1 0
2.13993 0.234005 0.234005 2 1 0
2.14992 0.234427 0.234427 2 1 0
2.15991 0.234847 0.234847 2 1 0
2.1699 0.235264 0.235264 2 1 0
2.17989 0.23568 0.23568 2 1 0
2.18988 0.236093 0.236093 2 1 0
2.19987 0.236503 0.236503 2 1 0
2.20986 0.236912 0.236912 2 1 0
2.21985 0.237319 0.237319 2 1 0
2.22983 0.237723 0.237723 2 1 0
2.23982 0.238125 0.238125 2 1 0
2.24981 0.238525 0.238525 2 1 0
2.25981 0.238924 0.238924 2 1 0
2.2698 0.23932 0.23932 2 1 0
2.27979 0.239714 0.239714 2 1 0
2.28978 0.240106 0.240106 2 1 0
2.29977 0.240497 0.240497 2 1 0
2.30976 0.240885 0.240885 2 1 0
2.31975 0.241271 0.241271 2 1 0
2.32974 0.241656 0.241656 2 1 0
2.33973 0.242039 0.242039 2 1 0
2.34972 0.24242 0.24242 2 1 0
2.35971 0.242799 0.242799 2 1 0
2.3697 0.243177 0.243177 2 1 0
2.3797 0.243552 0.243552 2 1 0
2.38969 0.243926 0.243926 2 1 0
2.39968 0.244298 0.244298 2 1 0
2.40967 0.244669 0.244669 2 1 0
2.41966 0.245038 0.245038 2 1 0
2.42966 0.245405 0.245405 2 1 0
2.43965 0.245771 0.245771 2 1 0
2.44964 0.246135 0.246135 2 1 0
2.45963 0.246497 0.246497 2 1 0
2.46962 0.246858 0.246858 2 1 0
2.47962 0.247217 0.247217 2 1 0
2.48961 0.247575 0.247575 2 1 0
2.4996 0.247931 0.247931 2 1 0
2.50959 0.248286 0.248286 2 1 0
2.51959 0.248639 0.248639 2 1 0
2.52958 0.248991 0.248991 2 1 0
2.53957 0.249342 0.249342 2 1 0
2.54957 0.249691 0.249691 2 1 0
2.55956 0.250038 0.250038 2 1 0
2.56955 0.250384 0.250384 2 1 0
2.57955 0.250729 0.250729 2 1 0
2.58954 0.251072 0.251072 2 1 0
2.59953 0.251414 0.251414 2 1 0
2.60952 0.251755 0.251755 2 1 0
2.61952 0.252094 0.252094 2 1 0
2.62951 0.252433 0.252433 2 1 0
2.63951 0.252769 0.252769 2 1 0
2.6495 0.253105 0.253105 2 1 0
2.65949 0.253439 0.253439 2 1 0
2.66949 0.253772 0.253772 2 1 0
2.67948 0.254104 0.254104 2 1 0
2.68947 0.254434 0.254434 2 1 0
2.69947 0.254764 0.254764 2 1 0
2.70946 0.255092 0.255092 2 1 0
2.71946 0.255419 0.255419 2 1 0
2.72945 0.255744 0.255744 2 1 0
2.73944 0.256069 0.256069 2 1 0
2.74944 0.256392 0.256392 2 1 0
2.75943 0.256715 0.256715 2 1 0
2.76943 0.257036 0.257036 2 1 0
2.77942 0.257356 0.257356 2 1 0
2.78941 0.257675 0.257675 2 1 0
2.79941 0.257993 0.257993 2 1 0
2.8094 0.25831 0.25831 2 1 0
2.8194 0.258625 0.258625 2 1 0
2.82939 0.25894 0.25894 2 1 0
2.83939 0.259254 0.259254 2 1 0
2.84892 0.259552 0.259552 2 1 0
2.85892 0.259864 0.259864 1 1 0
2.86891 0.260174 0.260174 1 1 0
2.87891 0.260484 0.260484 1 1 0
2.8889 0.260792 0.260792 1 1 0
2.8989 0.2611 0.2611 1 1 0
2.90889 0.261407 0.261407 1 1 0
2.91889 0.261712 0.261712 1 1 0
2.92888 0.262017 0.262017 1 1 0
2.93888 0.262321 0.262321 1 1 0
2.94887 0.262624 0.262624 1 1 0
2.95886 0.262925 0.262925 1 1 0
2.96886 0.263226 0.263226 1 1 0
2.97886 0.263526 0.263526 1 1 0
2.98885 0.263826 0.263826 1 1 0
2.99885 0.264124 0.264124 1 1 0
3.00884 0.264421 0.264421 1 1 0
3.01884 0.264718 0.264718 1 1 0
3.02883 0.265013 0.265013 1 1 0
3.03883 0.265308 0.265308 1 1 0
3.04882 0.265602 0.265602 1 1 0
3.05882 0.265895 0.265895 1 1 0
3.06881 0.266187 0.266187 1 1 0
3.07881 0.266478 0.266478 1 1 0
3.0888 0.266769 0.266769 1 1 0
3.0988 0.267059 0.267059 1 1 0
3.10879 0.267348 0.267348 1 1 0
3.11879 0.267636 0.267636 1 1 0
3.12879 0.267923 0.267923 1 1 0
3.13878 0.268209 0.268209 1 1 0
3.14878 0.268495 0.268495 1 1 0
3.15877 0.26878 0.26878 1 1 0
3.16877 0.269064 0.269064 1 1 0
3.17876 0.269348 0.269348 1 1 0
3.18876 0.26963 0.26963 1 1 0
3.19875 0.269912 0.269912 1 1 0
3.20875 0.270193 0.270193 1 1 0
3.21875 0.270474 0.270474 1 1 0
3.22874 0.270753 0.270753 1 1 0
3.23874 0.271032 0.271032 1 1 0
3.24873 0.27131 0.27131 1 1 0
3.25873 0.271588 0.271588 1 1 0
3.26873 0.271865 0.271865 1 1 0
3.27872 0.272141 0.272141 1 1 0
3.28872 0.272416 0.272416 1 1 0
3.29871 0.272691 0.272691 1 1 0
3.30871 0.272965 0.272965 1 1 0
3.31871 0.273238 0.273238 1 1 0
3.3287 0.273511 0.273511 1 1 0
3.3387 0.273783 0.273783 1 1 0
3.34869 0.274054 0.274054 1 1 0
3.35869 0.274324 0.274324 1 1 0
3.36869 0.274594 0.274594 1 1 0
3.37868 0.274864 0.274864 1 1 0
3.38868 0.275132 0.275132 1 1 0
3.39867 0.2754 0.2754 1 1 0
3.40867 0.275668 0.275668 1 1 0
3.41867 0.275934 0.275934 1 1 0
3.42866 0.276201 0.276201 1 1 0
3.43866 0.276466 0.276466 1 1 0
3.44866 0.276731 0.276731 1 1 0
3.45865 0.276995 0.276995 1 1 0
3.46865 0.277259 0.277259 1 1 0
3.47864 0.277522 0.277522 1 1 0
3.48864 0.277784 0.277784 1 1 0
3.49864 0.278046 0.278046 1 1 0
3.50863 0.278307 0.278307 1 1 0
3.51863 0.278568 0.278568 1 1 0
3.52863 0.278828 0.278828 1 1 0
3.53862 0.279087 0.279087 1 1 0
3.54862 0.279346 0.279346 1 1 0
3.55862 0.279605 0.279605 1 1 0
3.56861 0.279862 0.279862 1 1 0
3.57861 0.280119 0.280119 1 1 0
3.58861 0.280376 0.280376 1 1 0
3.5986 0.280632 0.280632 1 1 0
3.6086 0.280888 0.280888 1 1 0
3.6186 0.281143 0.281143 1 1 0
3.62859 0.281397 0.281397 1 1 0
3.63859 0.281651 0.281651 1 1 0
3.64858 0.281904 0.281904 1 1 0
3.65858 0.282157 0.282157 1 1 0
3.66858 0.282409 0.282409 1 1 0
3.67857 0.282661 0.282661 1 1 0
3.68857 0.282912 0.282912 1 1 0
3.69857 0.283163 0.283163 1 1 0
3.70857 0.283413 0.283413 1 1 0
3.71856 0.283662 0.283662 1 1 0
3.72856 0.283911 0.283911 1 1 0
3.73856 0.28416 0.28416 1 1 0
3.74855 0.284408 0.284408 1 1 0
3.75855 0.284656 0.284656 1 1 0
3.76855 0.284903 0.284903 1 1 0
3.77854 0.285149 0.285149 1 1 0
3.78854 0.285395 0.285395 1 1 0
3.79854 0.285641 0.285641 1 1 0
3.80853 0.285886 0.285886 1 1 0
3.81853 0.286131 0.286131 1 1 0
3.82853 0.286375 0.286375 1 1 0
3.83852 0.286618 0.286618 1 1 0
3.84852 0.286862 0.286862 1 1 0
3.85852 0.287104 0.287104 1 1 0
3.86851 0.287347 0.287347 1 1 0
3.87851 0.287588 0.287588 1 1 0
3.88851 0.28783 0.28783 1 1 0
3.89851 0.28807 0.28807 1 1 0
3.9085 0.288311 0.288311 1 1 0
3.9185 0.288551 0.288551 1 1 0
3.9285 0.28879 0.28879 1 1 0
3.93849 0.289029 0.289029 1 1 0
3.94849 0.289268 0.289268 1 1 0
3.95849 0.289506 0.289506 1 1 0
3.96848 0.289743 0.289743 1 1 0
3.97848 0.289981 0.289981 1 1 0
3.98848 0.290217 0.290217 1 1 0
3.99848 0.290454 0.290454 1 1 0
4.00847 0.29069 0.29069 1 1 0
4.01847 0.290925 0.290925 1 1 0
4.02847 0.29116 0.29116 1 1 0
4.03846 0.291395 0.291395 1 1 0
4.04846 0.291629 0.291629 1 1 0
4.05846 0.291863 0.291863 1 1 0
4.06846 0.292096 0.292096 1 1 0
4.07845 0.292329 0.292329 1 1 0
4.08845 0.292561 0.292561 1 1 0
4.09845 0.292793 0.292793 1 1 0
4.10844 0.293025 0.293025 1 1 0
4.11844 0.293256 0.293256 1 1 0
4.12844 0.293487 0.293487 1 1 0
4.13844 0.293717 0.293717 1 1 0
4.14843 0.293948 0.293948 1 1 0
4.15843 0.294177 0.294177 1 1 0
4.16843 0.294406 0.294406 1 1 0
4.17843 0.294635 0.294635 1 1 0
4.18842 0.294864 0.294864 1 1 0
4.19842 0.295092 0.295092 1 1 0
4.20842 0.295319 0.295319 1 1 0
4.21842 0.295547 0.295547 1 1 0
4.22841 0.295774 0.295774 1 1 0
4.23841 0.296 0.296 1 1 0
4.24841 0.296226 0.296226 1 1 0
4.2584 0.296452 0.296452 1 1 0
4.2684 0.296677 0.296677 1 1 0
4.2784 0.296902 0.296902 1 1 0
4.2884 0.297127 0.297127 1 1 0
4.29839 0.297351 0.297351 1 1 0
4.30839 0.297575 0.297575 1 1 0
4.31839 0.297798 0.297798 1 1 0
4.32839 0.298021 0.298021 1 1 0
4.33838 0.298244 0.298244 1 1 0
4.34838 0.298467 0.298467 1 1 0
4.35838 0.298689 0.298689 1 1 0
4.36838 0.29891 0.29891 1 1 0
4.37837 0.299132 0.299132 1 1 0
4.38837 0.299353 0.299353 1 1 0
4.39837 0.299573 0.299573 1 1 0
4.40837 0.299793 0.299793 1 1 0
4.41836 0.300013 0.300013 1 1 0
4.42836 0.300233 0.300233 1 1 0
4.43836 0.300452 0.300452 1 1 0
4.44836 0.300671 0.300671 1 1 0
4.45835 0.300889 0.300889 1 1 0
4.46835 0.301108 0.301108 1 1 0
4.47835 0.301325 0.301325 1 1 0
4.48835 0.301543 0.301543 1 1 0
4.49834 0.30176 0.30176 1 1 0
4.50834 0.301977 0.301977 1 1 0
4.51834 0.302193 0.302193 1 1 0
4.52834 0.302409 0.302409 1 1 0
4.53833 0.302625 0.302625 1 1 0
4.54833 0.302841 0.302841 1 1 0
4.55833 0.303056 0.303056 1 1 0
4.56833 0.303271 0.303271 1 1 0
4.57833 0.303485 0.303485 1 1 0
4.58832 0.303699 0.303699 1 1 0
4.59832 0.303913 0.303913 1 1 0
4.60832 0.304127 0.304127 1 1 0
4.61832 0.30434 0.30434 1 1 0
4.62831 0.304553 0.304553 1 1 0
4.63831 0.304765 0.304765 1 1 0
4.64831 0.304978 0.304978 1 1 0
4.65831 0.30519 0.30519 1 1 0
4.6683 0.305401 0.305401 1 1 0
4.6783 0.305613 0.305613 1 1 0
4.6883 0.305824 0.305824 1 1 0
4.6983 0.306034 0.306034 1 1 0
4.7083 0.306245 0.306245 1 1 0
4.71829 0.306455 0.306455 1 1 0
4.72829 0.306665 0.306665 1 1 0
4.73829 0.306874 0.306874 1 1 0
4.74829 0.307083 0.307083 1 1 0
4.75828 0.307292 0.307292 1 1 0
4.76828 0.307501 0.307501 1 1 0
4.77828 0.307709 0.307709 1 1 0
4.78828 0.307917 0.307917 1 1 0
4.79828 0.308125 0.308125 1 1 0
4.80827 0.308332 0.308332 1 1 0
4.81827 0.30854 0.30854 1 1 0
4.82827 0.308746 0.308746 1 1 0
4.83827 0.308953 0.308953 1 1 0
4.84826 0.309159 0.309159 1 1 0
4.85826 0.309365 0.309365 1 1 0
4.86826 0.309571 0.309571 1 1 0
4.87826 0.309776 0.309776 1 1 0
4.88826 0.309982 0.309982 1 1 0
4.89825 0.310186 0.310186 1 1 0
4.90825 0.310391 0.310391 1 1 0
4.91825 0.310595 0.310595 1 1 0
4.92825 0.310799 0.310799 1 1 0
4.93824 0.311003 0.311003 1 1 0
4.94824 0.311207 0.311207 1 1 0
4.95824 0.31141 0.31141 1 1 0
4.96824 0.311613 0.311613 1 1 0
4.97824 0.311815 0.311815 1 1 0
4.98823 0.312018 0.312018 1 1 0
4.99823 0.31222 0.31222 1 1 0
5.00823 0.312422 0.312422 1 1 0
5.01823 0.312623 0.312623 1 1 0
5.02823 0.312825 0.312825 1 1 0
5.03822 0.313026 0.313026 1 1 0
5.04822 0.313227 0.313227 1 1 0
5.05822 0.313427 0.313427 1 1 0
5.06822 0.313627 0.313627 1 1 0
5.07822 0.313827 0.313827 1 1 0
5.08821 0.314027 0.314027 1 1 0
5.09821 0.314227 0.314227 1 1 0
5.10821 0.314426 0.314426 1 1 0
5.11821 0.314625 0.314625 1 1 0
5.12821 0.314824 0.314824 1 1 0
5.1382 0.315022 0.315022 1 1 0
5.1482 0.315221 0.315221 1 1 0
5.1582 0.315419 0.315419 1 1 0
5.1682 0.315616 0.315616 1 1 0
5.1782 0.315814 0.315814 1 1 0
5.18819 0.316011 0.316011 1 1 0
5.19819 0.316208 0.316208 1 1 0
5.20819 0.316405 0.316405 1 1 0
5.21819 0.316601 0.316601 1 1 0
5.22819 0.316798 0.316798 1 1 0
5.23818 0.316994 0.316994 1 1 0
5.24818 0.31719 0.31719 1 1 0
5.25818 0.317385 0.317385 1 1 0
5.26818 0.31758 0.31758 1 1 0
5.27818 0.317775 0.317775 1 1 0
5.28817 0.31797 0.31797 1 1 0
5.29817 0.318165 0.318165 1 1 0
5.30817 0.318359 0.318359 1 1 0
5.31817 0.318553 0.318553 1 1 0
5.32817 0.318747 0.318747 1 1 0
5.33816 0.318941 0.318941 1 1 0
5.34816 0.319135 0.319135 1 1 0
5.35816 0.319328 0.319328 1 1 0
5.36816 0.319521 0.319521 1 1 0
5.37816 0.319713 0.319713 1 1 0
5.38816 0.319906 0.319906 1 1 0
5.39815 0.320098 0.320098 1 1 0
5.40815 0.32029 0.32029 1 1 0
5.41815 0.320482 0.320482 1 1 0
5.42815 0.320674 0.320674 1 1 0
5.43815 0.320865 0.320865 1 1 0
5.44814 0.321057 0.321057 1 1 0
5.45814 0.321248 0.321248 1 1 0
5.46814 0.321438 0.321438 1 1 0
5.47814 0.321629 0.321629 1 1 0
5.48814 0.321819 0.321819 1 1 0
5.49814 0.322009 0.322009 1 1 0
5.50813 0.322199 0.322199 1 1 0
5.51813 0.322389 0.322389 1 1 0
5.52813 0.322578 0.322578 1 1 0
5.53813 0.322768 0.322768 1 1 0
5.54813 0.322957 0.322957 1 1 0
5.55812 0.323145 0.323145 1 1 0
5.56812 0.323334 0.323334 1 1 0
5.57812 0.323522 0.323522 1 1 0
5.58812 0.323711 0.323711 1 1 0
5.59812 0.323899 0.323899 1 1 0
5.60812 0.324086 0.324086 1 1 0
5.61811 0.324274 0.324274 1 1 0
5.62811 0.324461 0.324461 1 1 0
5.63811 0.324649 0.324649 1 1 0
5.64811 0.324836 0.324836 1 1 0
5.65811 0.325022 0.325022 1 1 0
5.6681 0.325209 0.325209 1 1 0
5.6781 0.325395 0.325395 1 1 0
5.6881 0.325581 0.325581 1 1 0
5.6981 0.325767 0.325767 1 1 0
5.7081 0.325953 0.325953 1 1 0
5.7181 0.326139 0.326139 1 1 0
5.72809 0.326324 0.326324 1 1 0
5.73809 0.326509 0.326509 1 1 0
5.74809 0.326694 0.326694 1 1 0
5.75809 0.326879 0.326879 1 1 0
5.76809 0.327064 0.327064 1 1 0
5.77809 0.327248 0.327248 1 1 0
5.78808 0.327432 0.327432 1 1 0
5.79808 0.327616 0.327616 1 1 0
5.80808 0.3278 0.3278 1 1 0
5.81808 0.327984 0.327984 1 1 0
5.82808 0.328167 0.328167 1 1 0
5.83808 0.32835 0.32835 1 1 0
5.84807 0.328533 0.328533 1 1 0
5.85807 0.328716 0.328716 1 1 0
5.86807 0.328899 0.328899 1 1 0
5.87807 0.329082 0.329082 1 1 0
5.88807 0.329264 0.329264 1 1 0
5.89807 0.329446 0.329446 1 1 0
5.90806 0.329628 0.329628 1 1 0
5.91806 0.32981 0.32981 1 1 0
5.92806 0.329991 0.329991 1 1 0
5.93806 0.330173 0.330173 1 1 0
5.94806 0.330354 0.330354 1 1 0
5.95806 0.330535 0.330535 1 1 0
5.96805 0.330716 0.330716 1 1 0
5.97805 0.330897 0.330897 1 1 0
5.98805 0.331077 0.331077 1 1 0
5.99805 0.331257 0.331257 1 1 0
6.00805 0.331438 0.331438 1 1 0
6.01805 0.331618 0.331618 1 1 0
6.02804 0.331797 0.331797 1 1 0
6.03804 0.331977 0.331977 1 1 0
6.04804 0.332156 0.332156 1 1 0
6.05804 0.332336 0.332336 1 1 0
6.06804 0.332515 0.332515 1 1 0
6.07804 0.332694 0.332694 1 1 0
6.08803 0.332873 0.332873 1 1 0
6.09803 0.333051 0.333051 1 1 0
6.10803 0.33323 0.33323 1 1 0
6.11803 0.333408 0.333408 1 1 0
6.12803 0.333586 0.333586 1 1 0
6.13803 0.333764 0.333764 1 1 0
6.14802 0.333942 0.333942 1 1 0
6.15802 0.334119 0.334119 1 1 0
6.16802 0.334297 0.334297 1 1 0
6.17802 0.334474 0.334474 1 1 0
6.18802 0.334651 0.334651 1 1 0
6.19802 0.334828 0.334828 1 1 0
6.20801 0.335005 0.335005 1 1 0
6.21801 0.335181 0.335181 1 1 0
6.22801 0.335358 0.335358 1 1 0
6.23801 0.335534 0.335534 1 1 0
6.24801 0.33571 0.33571 1 1 0
6.25801 0.335886 0.335886 1 1 0
6.26801 0.336062 0.336062 1 1 0
6.278 0.336238 0.336238 1 1 0
6.288 0.336413 0.336413 1 1 0
6.298 0.336588 0.336588 1 1 0
6.308 0.336764 0.336764 1 1 0
6.318 0.336939 0.336939 1 1 0
6.328 0.337113 0.337113 1 1 0
6.33799 0.337288 0.337288 1 1 0
6.34799 0.337463 0.337463 1 1 0
6.35799 0.337637 0.337637 1 1 0
6.36799 0.337811 0.337811 1 1 0
6.37799 0.337985 0.337985 1 1 0
6.38799 0.338159 0.338159 1 1 0
6.39799 0.338333 0.338333 1 1 0
6.40798 0.338507 0.338507 1 1 0
6.41798 0.33868 0.33868 1 1 0
6.42798 0.338854 0.338854 1 1 0
6.43798 0.339027 0.339027 1 1 0
6.44798 0.3392 0.3392 1 1 0
6.45798 0.339373 0.339373 1 1 0
6.46797 0.339545 0.339545 1 1 0
6.47797 0.339718 0.339718 1 1 0
6.48797 0.33989 0.33989 1 1 0
6.49797 0.340063 0.340063 1 1 0
6.50797 0.340235 0.340235 1 1 0
6.51797 0.340407 0.340407 1 1 0
6.52797 0.340579 0.340579 1 1 0
6.53796 0.34075 0.34075 1 1 0
6.54796 0.340922 0.340922 1 1 0
6.55796 0.341093 0.341093 1 1 0
6.56796 0.341265 0.341265 1 1 0
6.57796 0.341436 0.341436 1 1 0
6.58796 0.341607 0.341607 1 1 0
6.59796 0.341778 0.341778 1 1 0
6.60795 0.341948 0.341948 1 1 0
6.61795 0.342119 0.342119 1 1 0
6.62795 0.342289 0.342289 1 1 0
6.63795 0.34246 0.34246 1 1 0
6.64795 0.34263 0.34263 1 1 0
6.65795 0.3428 0.3428 1 1 0
6.66795 0.34297 0.34297 1 1 0
6.67794 0.34314 0.34314 1 1 0
6.68794 0.343309 0.343309 1 1 0
6.69794 0.343479 0.343479 1 1 0
6.70794 0.343648 0.343648 1 1 0
6.71794 0.343817 0.343817 1 1 0
6.72794 0.343986 0.343986 1 1 0
6.73794 0.344155 0.344155 1 1 0
6.74793 0.344324 0.344324 1 1 0
6.75793 0.344493 0.344493 1 1 0
6.76793 0.344661 0.344661 1 1 0
6.77793 0.34483 0.34483 1 1 0
6.78793 0.344998 0.344998 1 1 0
6.79793 0.345166 0.345166 1 1 0
6.80793 0.345334 0.345334 1 1 0
6.81792 0.345502 0.345502 1 1 0
6.82792 0.34567 0.34567 1 1 0
6.83792 0.345837 0.345837 1 1 0
6.84792 0.346005 0.346005 1 1 0
6.85792 0.346172 0.346172 1 1 0
6.86792 0.34634 0.34634 1 1 0
6.87792 0.346507 0.346507 1 1 0
6.88791 0.346674 0.346674 1 1 0
6.89791 0.346841 0.346841 1 1 0
6.90791 0.347007 0.347007 1 1 0
6.91791 0.347174 0.347174 1 1 0
6.92791 0.34734 0.34734 1 1 0
6.93791 0.347507 0.347507 1 1 0
6.94791 0.347673 0.347673 1 1 0
6.9579 0.347839 0.347839 1 1 0
6.9679 0.348005 0.348005 1 1 0
6.9779 0.348171 0.348171 1 1 0
6.9879 0.348337 0.348337 1 1 0
6.9979 0.348502 0.348502 1 1 0
7.0079 0.348668 0.348668 1 1 0
7.0179 0.348833 0.348833 1 1 0
7.02789 0.348998 0.348998 1 1 0
7.03789 0.349164 0.349164 1 1 0
7.04789 0.349329 0.349329 1 1 0
7.05789 0.349494 0.349494 1 1 0
7.06789 0.349658 0.349658 1 1 0
7.07789 0.349823 0.349823 1 1 0
7.08789 0.349988 0.349988 1 1 0
7.09788 0.350152 0.350152 1 1 0
7.10788 0.350316 0.350316 1 1 0
7.11788 0.350481 0.350481 1 1 0
7.12788 0.350645 0.350645 1 1 0
7.13788 0.350809 0.350809 1 1 0
7.14788 0.350972 0.350972 1 1 0
7.15788 0.351136 0.351136 1 1 0
7.16788 0.3513 0.3513 1 1 0
7.17787 0.351463 0.351463 1 1 0
7.18787 0.351627 0.351627 1 1 0
7.19787 0.35179 0.35179 1 1 0
7.20787 0.351953 0.351953 1 1 0
7.21787 0.352116 0.352116 1 1 0
7.22787 0.352279 0.352279 1 1 0
7.23787 0.352442 0.352442 1 1 0
7.24786 0.352605 0.352605 1 1 0
7.25786 0.352767 0.352767 1 1 0
7.26786 0.35293 0.35293 1 1 0
7.27786 0.353092 0.353092 1 1 0
7.28786 0.353254 0.353254 1 1 0
7.29786 0.353417 0.353417 1 1 0
7.30786 0.353579 0.353579 1 1 0
7.31786 0.353741 0.353741 1 1 0
7.32785 0.353902 0.353902 1 1 0
7.33785 0.354064 0.354064 1 1 0
7.34785 0.354226 0.354226 1 1 0
7.35785 0.354387 0.354387 1 1 0
7.36785 0.354549 0.354549 1 1 0
7.37785 0.35471 0.35471 1 1 0
7.38785 0.354871 0.354871 1 1 0
7.39785 0.355032 0.355032 1 1 0
7.40784 0.355193 0.355193 1 1 0
7.41784 0.355354 0.355354 1 1 0
7.42784 0.355515 0.355515 1 1 0
7.43784 0.355676 0.355676 1 1 0
7.44784 0.355836 0.355836 1 1 0
7.45784 0.355997 0.355997 1 1 0
7.46784 0.356157 0.356157 1 1 0
7.47783 0.356317 0.356317 1 1 0
7.48783 0.356477 0.356477 1 1 0
7.49783 0.356638 0.356638 1 1 0
7.50783 0.356797 0.356797 1 1 0
7.51783 0.356957 0.356957 1 1 0
7.52783 0.357117 0.357117 1 1 0
7.53783 0.357277 0.357277 1 1 0
7.54783 0.357436 0.357436 1 1 0
7.55782 0.357596 0.357596 1 1 0
7.56782 0.357755 0.357755 1 1 0
7.57782 0.357914 0.357914 1 1 0
7.58782 0.358074 0.358074 1 1 0
7.59782 0.358233 0.358233 1 1 0
7.60782 0.358392 0.358392 1 1 0
7.61782 0.35855 0.35855 1 1 0
7.62782 0.358709 0.358709 1 1 0
7.63781 0.358868 0.358868 1 1 0
7.64781 0.359026 0.359026 1 1 0
7.65781 0.359185 0.359185 1 1 0
7.66781 0.359343 0.359343 1 1 0
7.67781 0.359501 0.359501 1 1 0
7.68781 0.35966 0.35966 1 1 0
7.69781 0.359818 0.359818 1 1 0
7.70781 0.359976 0.359976 1 1 0
7.7178 0.360134 0.360134 1 1 0
7.7278 0.360291 0.360291 1 1 0
7.7378 0.360449 0.360449 1 1 0
7.7478 0.360607 0.360607 1 1 0
7.7578 0.360764 0.360764 1 1 0
7.7678 0.360922 0.360922 1 1 0
7.7778 0.361079 0.361079 1 1 0
7.7878 0.361236 0.361236 1 1 0
7.79779 0.361393 0.361393 1 1 0
7.80779 0.361551 0.361551 1 1 0
7.81779 0.361708 0.361708 1 1 0
7.82779 0.361864 0.361864 1 1 0
7.83779 0.362021 0.362021 1 1 0
7.84779 0.362178 0.362178 1 1 0
7.85779 0.362335 0.362335 1 1 0
7.86779 0.362491 0.362491 1 1 0
7.87778 0.362647 0.362647 1 1 0
7.88778 0.362804 0.362804 1 1 0
7.89778 0.36296 0.36296 1 1 0
7.90778 0.363116 0.363116 1 1 0
7.91778 0.363272 0.363272 1 1 0
7.92778 0.363428 0.363428 1 1 0
7.93778 0.363584 0.363584 1 1 0
7.94778 0.36374 0.36374 1 1 0
7.95777 0.363896 0.363896 1 1 0
7.96777 0.364051 0.364051 1 1 0
7.97777 0.364207 0.364207 1 1 0
7.98777 0.364362 0.364362 1 1 0
7.99777 0.364518 0.364518 1 1 0
8.00777 0.364673 0.364673 1 1 0
8.01777 0.364828 0.364828 1 1 0
8.02777 0.364983 0.364983 1 1 0
8.03776 0.365138 0.365138 1 1 0
8.04776 0.365293 0.365293 1 1 0
8.05776 0.365448 0.365448 1 1 0
8.06776 0.365603 0.365603 1 1 0
8.07776 0.365758 0.365758 1 1 0
8.08776 0.365912 0.365912 1 1 0
8.09776 0.366067 0.366067 1 1 0
8.10776 0.366221 0.366221 1 1 0
8.11776 0.366376 0.366376 1 1 0
8.12775 0.36653 0.36653 1 1 0
8.13775 0.366684 0.366684 1 1 0
8.14775 0.366838 0.366838 1 1 0
8.15775 0.366992 0.366992 1 1 0
8.16775 0.367146 0.367146 1 1 0
8.17775 0.3673 0.3673 1 1 0
8.18775 0.367454 0.367454 1 1 0
8.19775 0.367608 0.367608 1 1 0
8.20774 0.367761 0.367761 1 1 0
8.21774 0.367915 0.367915 1 1 0
8.22774 0.368069 0.368069 1 1 0
8.23774 0.368222 0.368222 1 1 0
8.24774 0.368375 0.368375 1 1 0
8.25774 0.368529 0.368529 1 1 0
8.26774 0.368682 0.368682 1 1 0
8.27774 0.368835 0.368835 1 1 0
8.28774 0.368988 0.368988 1 1 0
8.29773 0.369141 0.369141 1 1 0
8.30773 0.369294 0.369294 1 1 0
8.31773 0.369446 0.369446 1 1 0
8.32773 0.369599 0.369599 1 1 0
8.33773 0.369752 0.369752 1 1 0
8.34773 0.369904 0.369904 1 1 0
8.35773 0.370057 0.370057 1 1 0
8.36773 0.370209 0.370209 1 1 0
8.37772 0.370362 0.370362 1 1 0
8.38772 0.370514 0.370514 1 1 0
8.39772 0.370666 0.370666 1 1 0
8.40772 0.370818 0.370818 1 1 0
8.41772 0.37097 0.37097 1 1 0
8.42772 0.371122 0.371122 1 1 0
8.43772 0.371274 0.371274 1 1 0
8.44772 0.371426 0.371426 1 1 0
8.45772 0.371577 0.371577 1 1 0
8.46771 0.371729 0.371729 1 1 0
8.47771 0.371881 0.371881 1 1 0
8.48771 0.372032 0.372032 1 1 0
8.49771 0.372184 0.372184 1 1 0
8.50771 0.372335 0.372335 1 1 0
8.51771 0.372486 0.372486 1 1 0
8.52771 0.372638 0.372638 1 1 0
8.53771 0.372789 0.372789 1 1 0
8.54771 0.37294 0.37294 1 1 0
8.5577 0.373091 0.373091 1 1 0
8.5677 0.373242 0.373242 1 1 0
8.5777 0.373393 0.373393 1 1 0
8.5877 0.373543 0.373543 1 1 0
8.5977 0.373694 0.373694 1 1 0
8.6077 0.373845 0.373845 1 1 0
8.6177 0.373995 0.373995 1 1 0
8.6277 0.374146 0.374146 1 1 0
8.63769 0.374296 0.374296 1 1 0
8.64769 0.374447 0.374447 1 1 0
8.65769 0.374597 0.374597 1 1 0
8.66769 0.374747 0.374747 1 1 0
8.67769 0.374898 0.374898 1 1 0
8.68769 0.375048 0.375048 1 1 0
8.69769 0.375198 0.375198 1 1 0
8.70769 0.375348 0.375348 1 1 0
8.71769 0.375498 0.375498 1 1 0
8.72768 0.375647 0.375647 1 1 0
8.73768 0.375797 0.375797 1 1 0
8.74768 0.375947 0.375947 1 1 0
8.75768 0.376097 0.376097 1 1 0
8.76768 0.376246 0.376246 1 1 0
8.77768 0.376396 0.376396 1 1 0
8.78768 0.376545 0.376545 1 1 0
8.79768 0.376695 0.376695 1 1 0
8.80768 0.376844 0.376844 1 1 0
8.81767 0.376993 0.376993 1 1 0
8.82767 0.377142 0.377142 1 1 0
8.83767 0.377291 0.377291 1 1 0
8.84767 0.377441 0.377441 1 1 0
8.85767 0.37759 0.37759 1 1 0
8.86767 0.377738 0.377738 1 1 0
8.87767 0.377887 0.377887 1 1 0
8.88767 0.378036 0.378036 1 1 0
8.89767 0.378185 0.378185 1 1 0
8.90766 0.378334 0.378334 1 1 0
8.91766 0.378482 0.378482 1 1 0
8.92766 0.378631 0.378631 1 1 0
8.93766 0.378779 0.378779 1 1 0
8.94766 0.378928 0.378928 1 1 0
8.95766 0.379076 0.379076 1 1 0
8.96766 0.379224 0.379224 1 1 0
8.97766 0.379373 0.379373 1 1 0
8.98766 0.379521 0.379521 1 1 0
8.99765 0.379669 0.379669 1 1 0
9.00765 0.379817 0.379817 1 1 0
9.01765 0.379965 0.379965 1 1 0
9.02765 0.380113 0.380113 1 1 0
9.03765 0.380261 0.380261 1 1 0
9.04765 0.380409 0.380409 1 1 0
9.05765 0.380556 0.380556 1 1 0
9.06765 0.380704 0.380704 1 1 0
9.07765 0.380852 0.380852 1 1 0
9.08764 0.380999 0.380999 1 1 0
9.09764 0.381147 0.381147 1 1 0
9.10764 0.381294 0.381294 1 1 0
9.11764 0.381442 0.381442 1 1 0
9.12764 0.381589 0.381589 1 1 0
9.13764 0.381736 0.381736 1 1 0
9.14764 0.381884 0.381884 1 1 0
9.15764 0.382031 0.382031 1 1 0
9.16764 0.382178 0.382178 1 1 0
9.17764 0.382325 0.382325 1 1 0
9.18763 0.382472 0.382472 1 1 0
9.19763 0.382619 0.382619 1 1 0
9.20763 0.382766 0.382766 1 1 0
9.21763 0.382913 0.382913 1 1 0
9.22763 0.383059 0.383059 1 1 0
9.23763 0.383206 0.383206 1 1 0
9.24763 0.383353 0.383353 1 1 0
9.25763 0.383499 0.383499 1 1 0
9.26763 0.383646 0.383646 1 1 0
9.27762 0.383792 0.383792 1 1 0
9.28762 0.383939 0.383939 1 1 0
9.29762 0.384085 0.384085 1 1 0
9.30762 0.384232 0.384232 1 1 0
9.31762 0.384378 0.384378 1 1 0
9.32762 0.384524 0.384524 1 1 0
9.33762 0.38467 0.38467 1 1 0
9.34762 0.384816 0.384816 1 1 0
9.35762 0.384962 0.384962 1 1 0
9.36761 0.385108 0.385108 1 1 0
9.37761 0.385254 0.385254 1 1 0
9.38761 0.3854 0.3854 1 1 0
9.39761 0.385546 0.385546 1 1 0
9.40761 0.385692 0.385692 1 1 0
9.41761 0.385838 0.385838 1 1 0
9.42761 0.385983 0.385983 1 1 0
9.43761 0.386129 0.386129 1 1 0
9.44761 0.386274 0.386274 1 1 0
9.45761 0.38642 0.38642 1 1 0
9.4676 0.386565 0.386565 1 1 0
9.4776 0.386711 0.386711 1 1 0
9.4876 0.386856 0.386856 1 1 0
9.4976 0.387002 0.387002 1 1 0
9.5076 0.387147 0.387147 1 1 0
9.5176 0.387292 0.387292 1 1 0
9.5276 0.387437 0.387437 1 1 0
9.5376 0.387582 0.387582 1 1 0
9.5476 0.387727 0.387727 1 1 0
9.55759 0.387872 0.387872 1 1 0
9.56759 0.388017 0.388017 1 1 0
9.57759 0.388162 0.388162 1 1 0
9.58759 0.388307 0.388307 1 1 0
9.59759 0.388452 0.388452 1 1 0
9.60759 0.388597 0.388597 1 1 0
9.61759 0.388742 0.388742 1 1 0
9.62759 0.388886 0.388886 1 1 0
9.63759 0.389031 0.389031 1 1 0
9.64759 0.389175 0.389175 1 1 0
9.65758 0.38932 0.38932 1 1 0
9.66758 0.389464 0.389464 1 1 0
9.67758 0.389609 0.389609 1 1 0
9.68758 0.389753 0.389753 1 1 0
9.69758 0.389897 0.389897 1 1 0
9.70758 0.390042 0.390042 1 1 0
9.71758 0.390186 0.390186 1 1 0
9.72758 0.39033 0.39033 1 1 0
9.73758 0.390474 0.390474 1 1 0
9.74757 0.390618 0.390618 1 1 0
9.75757 0.390762 0.390762 1 1 0
9.76757 0.390906 0.390906 1 1 0
9.77757 0.39105 0.39105 1 1 0
9.78757 0.391194 0.391194 1 1 0
9.79757 0.391338 0.391338 1 1 0
9.80757 0.391482 0.391482 1 1 0
9.81757 0.391626 0.391626 1 1 0
9.82757 0.391769 0.391769 1 1 0
9.83757 0.391913 0.391913 1 1 0
9.84756 0.392057 0.392057 1 1 0
9.85756 0.3922 0.3922 1 1 0
9.86756 0.392344 0.392344 1 1 0
9.87756 0.392487 0.392487 1 1 0
9.88756 0.392631 0.392631 1 1 0
9.89756 0.392774 0.392774 1 1 0
9.90756 0.392918 0.392918 1 1 0
9.91756 0.393061 0.393061 1 1 0
9.92756 0.393204 0.393204 1 1 0
9.93755 0.393347 0.393347 1 1 0
9.94755 0.393491 0.393491 1 1 0
9.95755 0.393634 0.393634 1 1 0
9.96755 0.393777 0.393777 1 1 0
9.97755 0.39392 0.39392 1 1 0
9.98755 0.394063 0.394063 1 1 0
9.99755 0.394206 0.394206 1 1 0
10.0075 0.394349 0.394349 1 1 0
2.84892 0.259552 0.259552 4 4 0
2.84892 0.259693 0.259411 4 4 0
2.84893 0.259974 0.259131 4 4 0
2.84899 0.260534 0.258573 4 4 0
2.84921 0.261632 0.257484 4 4 0
2.85003 0.263661 0.255492 4 4 0
2.85247 0.266936 0.252325 4 4 0
2.8567 0.270554 0.248896 4 4 0
2.8634 0.274664 0.245085 4 4 0
2.87296 0.279176 0.241001 4 4 0
2.88265 0.282951 0.237663 4 4 0
2.89241 0.286279 0.234776 4 4 0
2.90221 0.289302 0.232199 4 4 0
2.91204 0.292098 0.229852 4 4 0
2.9219 0.294719 0.227683 4 4 0
2.93177 0.297199 0.225659 4 4 0
2.94165 0.299562 0.223754 4 4 0
2.95154 0.301829 0.221948 4 4 0
2.96145 0.304012 0.220229 4 4 0
2.97136 0.306123 0.218585 4 4 0
2.98127 0.30817 0.217007 4 4 0
2.99119 0.310163 0.215487 4 4 0
3.00112 0.312106 0.214019 4 4 0
3.01105 0.314005 0.212598 4 4 0
3.02098 0.315864 0.211219 4 4 0
3.03091 0.317687 0.209879 4 4 0
3.04085 0.319477 0.208575 4 4 0
3.05079 0.321238 0.207304 4 4 0
3.06073 0.322971 0.206062 4 4 0
3.07068 0.32468 0.204848 4 4 0
3.08062 0.326366 0.20366 4 4 0
3.09057 0.32803 0.202496 4 4 0
3.10052 0.329675 0.201355 4 4 0
3.11047 0.331302 0.200235 4 4 0
3.12042 0.332913 0.199134 4 4 0
3.13037 0.334508 0.198052 4 4 0
3.14033 0.336089 0.196988 4 4 0
3.15028 0.337656 0.195939 4 4 0
3.16024 0.339212 0.194907 4 4 0
3.17019 0.340756 0.193889 4 4 0
3.18015 0.342289 0.192885 4 4 0
3.1901 0.343812 0.191894 4 4 0
3.20006 0.345327 0.190915 4 4 0
3.21002 0.346833 0.189949 4 4 0
3.21998 0.348331 0.188994 4 4 0
3.22994 0.349822 0.188049 4 4 0
3.2399 0.351306 0.187115 4 4 0
3.24986 0.352784 0.18619 4 4 0
3.25982 0.354256 0.185275 4 4 0
3.26978 0.355723 0.184369 4 4 0
3.27974 0.357186 0.183471 4 4 0
3.2897 0.358644 0.182581 4 4 0
3.29966 0.360098 0.181699 4 4 0
3.30962 0.361549 0.180824 4 4 0
3.31958 0.362996 0.179957 4 4 0
3.32954 0.364441 0.179096 4 4 0
3.33951 0.365884 0.178241 4 4 0
3.34947 0.367324 0.177393 4 4 0
3.35943 0.368762 0.17655 4 4 0
3.36939 0.370199 0.175713 4 4 0
3.37935 0.371635 0.174882 4 4 0
3.38931 0.373069 0.174055 4 4 0
3.39927 0.374504 0.173233 4 4 0
3.40924 0.375937 0.172417 4 4 0
3.4192 0.37737 0.171604 4 4 0
3.42916 0.378804 0.170796 4 4 0
3.43912 0.380238 0.169992 4 4 0
3.44908 0.381673 0.169191 4 4 0
3.45904 0.383109 0.168394 4 4 0
3.469 0.384546 0.167601 4 4 0
3.47896 0.385984 0.166811 4 4 0
3.48892 0.387423 0.166024 4 4 0
3.49888 0.388864 0.16524 4 4 0
3.50884 0.390308 0.164459 4 4 0
3.5188 0.391754 0.16368 4 4 0
3.52876 0.393202 0.162904 4 4 0
3.53872 0.394653 0.16213 4 4 0
3.54868 0.396106 0.161358 4 4 0
3.55864 0.397563 0.160588 4 4 0
3.5686 0.399023 0.15982 4 4 0
3.57855 0.400487 0.159053 4 4 0
3.58851 0.401954 0.158287 4 4 0
3.59847 0.403425 0.157523 4 4 0
3.60842 0.404901 0.15676 4 4 0
3.61838 0.406381 0.155999 4 4 0
3.62833 0.407865 0.155237 4 4 0
3.63829 0.409355 0.154477 4 4 0
3.64824 0.410849 0.153717 4 4 0
3.6582 0.412349 0.152957 4 4 0
3.66815 0.413854 0.152197 4 4 0
3.6781 0.415365 0.151437 4 4 0
3.68805 0.416882 0.150677 4 4 0
3.698 0.418405 0.149917 4 4 0
3.70795 0.419935 0.149156 4 4 0
3.7179 0.421472 0.148394 4 4 0
3.72785 0.423015 0.147631 4 4 0
3.7378 0.424566 0.146867 4 4 0
3.74775 0.426124 0.146102 4 4 0
3.75769 0.427691 0.145335 4 4 0
3.76764 0.429265 0.144566 4 4 0
3.77758 0.430848 0.143795 4 4 0
3.78753 0.43244 0.143022 4 4 0
3.79747 0.434041 0.142246 4 4 0
3.80741 0.435651 0.141468 4 4 0
3.81735 0.437271 0.140686 4 4 0
3.82729 0.4389 0.139901 4 4 0
3.83723 0.440542 0.139112 4 4 0
3.84716 0.442194 0.138319 4 4 0
3.8571 0.443857 0.137521 4 4 0
3.86703 0.445532 0.136719 4 4 0
3.87696 0.44722 0.135911 4 4 0
3.88689 0.44892 0.135098 4 4 0
3.89682 0.450633 0.134278 4 4 0
3.90675 0.452361 0.133452 4 4 0
3.91667 0.454103 0.132619 4 4 0
3.92659 0.455861 0.131778 4 4 0
3.93651 0.457634 0.130928 4 4 0
3.94643 0.459424 0.130069 4 4 0
3.95634 0.461232 0.1292 4 4 0
3.96626 0.463057 0.12832 4 4 0
3.97617 0.464902 0.127428 4 4 0
3.98607 0.466767 0.126523 4 4 0
3.99597 0.468655 0.125604 4 4 0
4.00587 0.470564 0.124668 4 4 0
4.01577 0.472499 0.123716 4 4 0
4.02566 0.474459 0.122743 4 4 0
4.03554 0.476448 0.121748 4 4 0
4.04542 0.478466 0.120729 4 4 0
4.05529 0.480518 0.119682 4 4 0
4.06516 0.482606 0.118602 4 4 0
4.07501 0.484735 0.117485 4 4 0
4.08486 0.486909 0.116323 4 4 0
4.09469 0.489138 0.115108 4 4 0
4.10451 0.491429 0.113827 4 4 0
4.1143 0.493801 0.112462 4 4 0
4.12406 0.496278 0.110983 4 4 0
4.13376 0.498909 0.109337 4 4 0
4.14337 0.501806 0.107412 4 4 0
4.15267 0.505369 0.104827 4 4 0
4.15654 0.508399 0.102387 4 4 0
4.1566 0.508867 0.101988 3 4 0
4.15622 0.509726 0.101245 3 4 0
4.15481 0.510735 0.100353 3 4 0
4.15233 0.511699 0.0994915 3 4 0
4.14949 0.512468 0.098805 3 4 0
4.14511 0.513376 0.0980065 3 4 0
4.13841 0.514462 0.0970762 3 4 0
4.12868 0.515743 0.0960342 3 4 0
4.11889 0.516859 0.095185 3 4 0
4.10907 0.517881 0.0944542 3 4 0
4.09923 0.518845 0.0938048 3 4 0
4.08937 0.519771 0.0932148 3 4 0
4.0795 0.520673 0.0926702 3 4 0
4.06962 0.521557 0.0921618 3 4 0
4.05974 0.522427 0.0916831 3 4 0
4.04985 0.523288 0.0912288 3 4 0
4.03996 0.524142 0.0907954 3 4 0
4.03006 0.524992 0.09038 3 4 0
4.02016 0.52584 0.0899802 3 4 0
4.01026 0.526684 0.0895941 3 4 0
4.00036 0.52753 0.0892201 3 4 0
3.99045 0.528373 0.088857 3 4 0
3.98055 0.529217 0.0885036 3 4 0
3.97064 0.530064 0.088159 3 4 0
3.96073 0.53091 0.0878224 3 4 0
3.95082 0.531757 0.0874933 3 4 0
3.9409 0.532609 0.0871711 3 4 0
3.93099 0.53346 0.0868549 3 4 0
3.92108 0.534315 0.0865448 3 4 0
3.91116 0.535169 0.0862398 3 4 0
3.90125 0.53603 0.08594 3 4 0
3.89133 0.536891 0.0856448 3 4 0
3.88142 0.537754 0.0853541 3 4 0
3.8715 0.538619 0.0850675 3 4 0
3.86159 0.539488 0.0847849 3 4 0
3.85167 0.540361 0.084506 3 4 0
3.84175 0.541235 0.0842305 3 4 0
3.83184 0.542113 0.0839584 3 4 0
3.82192 0.542991 0.0836894 3 4 0
3.812 0.543875 0.0834235 3 4 0
3.80208 0.54476 0.0831604 3 4 0
3.79217 0.545646 0.0829 3 4 0
3.78225 0.546539 0.0826423 3 4 0
3.77233 0.547432 0.0823871 3 4 0
3.76241 0.548328 0.0821344 3 4 0
3.7525 0.549225 0.0818838 3 4 0
3.74258 0.550128 0.0816355 3 4 0
3.73266 0.551031 0.0813895 3 4 0
3.72275 0.551939 0.0811454 3 4 0
3.71283 0.552847 0.0809033 3 4 0
3.70291 0.55376 0.0806631 3 4 0
3.693 0.554673 0.0804248 3 4 0
3.68308 0.555591 0.0801883 3 4 0
3.67316 0.556508 0.0799536 3 4 0
3.66325 0.557431 0.0797205 3 4 0
3.65333 0.558356 0.0794891 3 4 0
3.64342 0.559281 0.0792593 3 4 0
3.63351 0.560211 0.079031 3 4 0
3.62359 0.561142 0.0788042 3 4 0
3.61368 0.562076 0.0785789 3 4 0
3.60377 0.56301 0.078355 3 4 0
3.59385 0.563949 0.0781324 3 4 0
3.58394 0.564888 0.0779113 3 4 0
3.57403 0.565832 0.0776915 3 4 0
3.56412 0.566776 0.0774729 3 4 0
3.55421 0.567723 0.0772557 3 4 0
3.5443 0.56867 0.0770396 3 4 0
3.53439 0.569622 0.0768248 3 4 0
3.52449 0.570573 0.0766112 3 4 0
3.51458 0.571528 0.0763987 3 4 0
3.50467 0.572485 0.0761873 3 4 0
3.49477 0.573442 0.075977 3 4 0
3.48486 0.574402 0.0757679 3 4 0
3.47496 0.575364 0.0755599 3 4 0
3.46506 0.576328 0.0753528 3 4 0
3.45516 0.577291 0.0751468 3 4 0
3.44526 0.578258 0.0749419 3 4 0
3.43536 0.579226 0.0747379 3 4 0
3.42546 0.580197 0.074535 3 4 0
3.41557 0.581167 0.074333 3 4 0
3.40567 0.58214 0.074132 3 4 0
3.39578 0.583114 0.0739318 3 4 0
3.38589 0.584089 0.0737327 3 4 0
3.376 0.585066 0.0735344 3 4 0
3.36611 0.586043 0.0733371 3 4 0
3.35622 0.587022 0.0731407 3 4 0
3.34634 0.588001 0.0729451 3 4 0
3.33645 0.588982 0.0727505 3 4 0
3.32657 0.589965 0.0725567 3 4 0
3.31669 0.590946 0.0723637 3 4 0
3.30681 0.591931 0.0721716 3 4 0
3.29693 0.592917 0.0719804 3 4 0
3.28706 0.593901 0.07179 3 4 0
3.27719 0.594887 0.0716004 3 4 0
3.26732 0.595874 0.0714116 3 4 0
3.25745 0.596861 0.0712236 3 4 0
3.24759 0.59785 0.0710365 3 4 0
3.23772 0.598838 0.0708501 3 4 0
3.22786 0.599827 0.0706645 3 4 0
3.21801 0.600818 0.0704797 3 4 0
3.20815 0.601808 0.0702957 3 4 0
3.1983 0.602797 0.0701125 3 4 0
3.18845 0.603786 0.06993 3 4 0
3.17861 0.604778 0.0697483 3 4 0
3.16877 0.605768 0.0695674 3 4 0
3.15893 0.606758 0.0693872 3 4 0
3.14909 0.607747 0.0692079 3 4 0
3.13926 0.608736 0.0690292 3 4 0
3.12943 0.609727 0.0688512 3 4 0
3.11961 0.610718 0.0686741 3 4 0
3.10979 0.611706 0.0684977 3 4 0
3.09997 0.612694 0.068322 3 4 0
3.09016 0.613684 0.068147 3 4 0
3.08035 0.614671 0.0679729 3 4 0
3.07055 0.615658 0.0677994 3 4 0
3.06075 0.616644 0.0676266 3 4 0
3.05096 0.61763 0.0674546 3 4 0
3.04117 0.618615 0.0672833 3 4 0
3.03139 0.619598 0.0671128 3 4 0
3.02161 0.620581 0.066943 3 4 0
3.01184 0.621562 0.0667739 3 4 0
3.00207 0.622541 0.0666055 3 4 0
2.99231 0.623521 0.0664379 3 4 0
2.98256 0.624499 0.066271 3 4 0
2.97281 0.625475 0.0661049 3 4 0
2.96307 0.62645 0.0659394 3 4 0
2.95333 0.627424 0.0657747 3 4 0
2.9436 0.628395 0.0656107 3 4 0
2.93388 0.629364 0.0654474 3 4 0
2.92417 0.630331 0.0652848 3 4 0
2.91446 0.631299 0.065123 3 4 0
2.90477 0.632263 0.064962 3 4 0
2.89508 0.633225 0.0648016 3 4 0
2.8854 0.634185 0.064642 3 4 0
2.87573 0.635143 0.0644831 3 4 0
2.86606 0.636098 0.0643249 3 4 0
2.85641 0.63705 0.0641676 3 4 0
2.84677 0.638 0.0640108 3 4 0
2.83713 0.638947 0.0638549 3 4 0
2.82751 0.639891 0.0636997 3 4 0
2.8179 0.640834 0.0635453 3 4 0
2.8083 0.641774 0.0633915 3 4 0
2.79871 0.642711 0.0632386 3 4 0
2.78913 0.643645 0.0630864 3 4 0
2.77956 0.644575 0.0629349 3 4 0
2.77001 0.645501 0.0627842 3 4 0
2.76047 0.646424 0.0626343 3 4 0
2.75094 0.647344 0.0624851 3 4 0
2.74142 0.64826 0.0623366 3 4 0
2.73193 0.649173 0.062189 3 4 0
2.72244 0.650082 0.0620421 3 4 0
2.71297 0.650989 0.061896 3 4 0
2.70352 0.65189 0.0617507 3 4 0
2.69408 0.652787 0.0616061 3 4 0
2.68466 0.65368 0.0614623 3 4 0
2.67525 0.65457 0.0613193 3 4 0
2.66587 0.655455 0.0611771 3 4 0
2.6565 0.656334 0.0610357 3 4 0
2.64715 0.657209 0.0608951 3 4 0
2.63782 0.65808 0.0607553 3 4 0
2.62851 0.658949 0.0606164 3 4 0
2.61922 0.659811 0.0604782 3 4 0
2.60995 0.660666 0.0603408 3 4 0
2.60071 0.661517 0.0602042 3 4 0
2.59149 0.662363 0.0600686 3 4 0
2.58229 0.663205 0.0599337 3 4 0
2.57311 0.66404 0.0597997 3 4 0
2.56396 0.66487 0.0596664 3 4 0
2.55484 0.665696 0.0595341 3 4 0
2.54574 0.666517 0.0594026 3 4 0
2.53667 0.66733 0.0592719 3 4 0
2.52763 0.668136 0.0591422 3 4 0
2.51862 0.668938 0.0590133 3 4 0
2.50963 0.669733 0.0588853 3 4 0
2.50068 0.670523 0.0587582 3 4 0
2.49176 0.671306 0.0586319 3 4 0
2.48288 0.672082 0.0585066 3 4 0
2.47402 0.672851 0.0583822 3 4 0
2.46521 0.673617 0.0582587 3 4 0
2.45643 0.674373 0.0581361 3 4 0
2.44768 0.675123 0.0580145 3 4 0
2.43898 0.675865 0.0578938 3 4 0
2.43031 0.676601 0.0577741 3 4 0
2.42169 0.677329 0.0576553 3 4 0
2.41311 0.678048 0.0575375 3 4 0
2.40457 0.678761 0.0574207 3 4 0
2.39607 0.679467 0.0573049 3 4 0
2.38763 0.680166 0.0571901 3 4 0
2.37923 0.680856 0.0570763 3 4 0
2.37088 0.681538 0.0569636 3 4 0
2.36258 0.682211 0.0568519 3 4 0
2.35434 0.682876 0.0567412 3 4 0
2.34615 0.683533 0.0566316 3 4 0
2.33802 0.684182 0.0565231 3 4 0
2.32994 0.684821 0.0564158 3 4 0
2.32192 0.685452 0.0563095 3 4 0
2.31397 0.686073 0.0562044 3 4 0
2.30608 0.686686 0.0561004 3 4 0
2.29826 0.687288 0.0559976 3 4 0
2.29051 0.687882 0.0558961 3 4 0
2.28283 0.688466 0.0557957 3 4 0
2.27522 0.68904 0.0556966 3 4 0
2.26769 0.689605 0.0555987 3 4 0
2.26023 0.690159 0.0555021 3 4 0
2.25286 0.690703 0.0554069 3 4 0
2.24558 0.691235 0.055313 3 4 0
2.23838 0.691757 0.0552205 3 4 0
2.23128 0.692268 0.0551294 3 4 0
2.22427 0.692765 0.0550397 3 4 0
2.21736 0.693254 0.0549516 3 4 0
2.21055 0.69373 0.054865 3 4 0
2.20385 0.694197 0.0547799 3 4 0
2.19727 0.694649 0.0546964 3 4 0
2.1908 0.695088 0.0546147 3 4 0
2.18445 0.695512 0.0545346 3 4 0
2.17823 0.695925 0.0544563 3 4 0
2.17214 0.696323 0.0543799 3 4 0
2.1662 0.696711 0.0543054 3 4 0
2.1604 0.697082 0.0542329 3 4 0
2.15475 0.697437 0.0541624 3 4 0
2.14927 0.697777 0.0540941 3 4 0
2.14396 0.698102 0.0540281 3 4 0
2.13883 0.69841 0.0539644 3 4 0
2.13388 0.698699 0.0539031 3 4 0
2.12914 0.698971 0.0538444 3 4 0
2.12461 0.699228 0.0537884 3 4 0
2.12029 0.699465 0.0537352 3 4 0
2.11621 0.699683 0.053685 3 4 0
2.11238 0.69988 0.0536378 3 4 0
2.10881 0.700053 0.0535939 3 4 0
2.1055 0.70021 0.0535534 3 4 0
2.10248 0.700344 0.0535163 3 4 0
2.09976 0.700454 0.0534829 3 4 0
2.09733 0.700543 0.0534532 3 4 0
2.09522 0.700611 0.0534274 3 4 0
2.09342 0.700657 0.0534054 3 4 0
2.09194 0.70068 0.0533874 3 4 0
2.09078 0.70068 0.0533732 3 4 0
2.08993 0.70066 0.0533628 3 4 0
2.08937 0.700615 0.053356 3 4 0
2.08908 0.700544 0.0533525 3 4 0
2.089 0.700445 0.0533514 3 4 0
2.08899 0.700303 0.0533513 3 4 0
2.08899 0.700133 0.0533513 4 4 0
2.08899 0.699949 0.0533513 4 4 0
2.08899 0.699758 0.0533513 4 4 0
2.08899 0.699567 0.0533513 4 4 0
2.08899 0.699385 0.0533513 4 4 0
2.08899 0.699215 0.0533513 4 4 0
2.08899 0.699061 0.0533513 4 4 0
2.08899 0.69893 0.0533513 4 4 0
2.08899 0.69893 0.0533513 4 4 0
2.08899 0.698825 0.0533513 4 4 0
2.08899 0.698737 0.0533513 4 4 0
2.08899 0.69867 0.0533513 4 4 0
2.08899 0.698624 0.0533513 4 4 0
2.08899 0.698589 0.0533513 4 4 0
2.08899 0.698566 0.0533513 4 4 0
2.08899 0.698558 0.0533513 4 4 0
2.08899 0.698552 0.0533513 4 4 0
2.08899 0.698549 0.0533513 4 4 0
2.08899 0.698546 0.0533513 4 4 0
2.08899 0.698543 0.0533513 4 4 0
2.08899 0.698547 0.0533513 4 4 0
2.08899 0.698547 0.0533513 4 4 0
2.08899 0.698543 0.0533513 4 4 0
2.08899 0.698546 0.0533513 4 4 0
2.08899 0.698541 0.0533513 4 4 0
2.08899 0.698547 0.0533513 4 4 0
2.08899 0.698544 0.0533513 4 4 0
2.08899 0.698544 0.0533513 4 4 0
2.08899 0.698546 0.0533513 4 4 0
2.08899 0.698547 0.0533513 4 4 0
2.08899 0.698546 0.0533513 4 4 0
2.08899 0.698541 0.0533513 4 4 0
2.08899 0.698545 0.0533513 4 4 0
2.08899 0.698541 0.0533513 4 4 0
2.08899 0.698547 0.0533513 4 4 0
2.08899 0.698546 0.0533513 4 4 0
2.08899 0.698544 0.0533513 4 4 0
2.08899 0.698547 0.0533513 4 4 0
2.08899 0.698547 0.0533513 4 4 0
2.08899 0.698543 0.0533513 4 4 0
2.08899 0.698547 0.0533513 4 4 0
2.08899 0.698541 0.0533513 4 4 0
2.08899 0.69854 0.0533513 4 4 0
2.08899 0.698546 0.0533513 4 4 0
2.08899 0.698545 0.0533513 4 4 0
2.08899 0.698538 0.0533513 4 4 0
2.08899 0.698538 0.0533513 4 4 0
2.08899 0.698545 0.0533513 4 4 0
2.08899 0.698533 0.0533513 4 4 0
2.08899 0.698552 0.0533513 4 4 0
2.08899 0.698548 0.0533513 4 4 0
2.08899 0.698536 0.0533513 4 4 0
2.08899 0.698553 0.0533513 4 4 0
2.08899 0.698524 0.0533513 4 4 0
2.08899 0.698506 0.0533513 4 4 0
2.08899 0.698543 0.0533513 4 4 0
