0 0 0 2 1 0
0.0073099 0 0 1 1 0
0.00974158 0 0 1 1 0
0.0126279 0 0 1 1 0
0.0154543 0 0 1 1 0
0.0178408 0 0 1 1 0
0.0199344 0 0 1 1 0
0.0218144 0 0 1 1 0
0.0235298 0 0 1 1 0
0.0251128 0 0 1 1 0
0.0265862 0 0 1 1 0
0.027967 0 0 1 1 0
0.0292676 0 0 1 1 0
0.0304981 0 0 1 1 0
0.0316667 0 0 1 1 0
0.0327797 0 0 1 1 0
0.0338426 0 0 1 1 0
0.0348599 0 0 1 1 0
0.0358355 0 0 1 1 0
0.0367727 0 0 1 1 0
0.0376744 0 0 1 1 0
0.0385431 0 0 1 1 0
0.0393809 0 0 1 1 0
0.0401898 0 0 1 1 0
0.0409716 0 0 1 1 0
0.0417279 0 0 1 1 0
0.04246 0 0 1 1 0
0.0431692 0 0 1 1 0
0.0438567 0 0 1 1 0
0.0445235 0 0 1 1 0
0.0451706 0 0 1 1 0
0.0457989 0 0 1 1 0
0.0464093 0 0 1 1 0
0.0470024 0 0 1 1 0
0.047579 0 0 1 1 0
0.0481398 0 0 1 1 0
0.0486853 0 0 1 1 0
0.0492161 236.55 236.55 1 1 0
0.0497328 109.538 109.538 1 1 0
0.0502359 85.264 85.264 1 1 0
0.0507259 74.3682 74.3682 1 1 0
0.0512031 68.4517 68.4517 1 1 0
0.0516681 65.1416 65.1416 1 1 0
0.0521212 63.5247 63.5247 1 1 0
0.0525484 63.2192 63.2192 1 1 0
0.0529794 64.1145 64.1145 2 1 0
0.0533995 66.3726 66.3726 2 1 0
0.0538092 70.4238 70.4238 2 1 0
0.0542087 77.289 77.289 2 1 0
0.0545983 89.6096 89.6096 2 1 0
0.0549785 116.846 116.846 2 1 0
0.0553493 269.734 269.734 2 1 0
0.0557112 269.734 269.734 2 1 0
0.0560643 269.734 269.734 2 1 0
0.0564089 269.734 269.734 2 1 0
0.0567453 269.734 269.734 2 1 0
0.0570736 269.734 269.734 2 1 0
0.0573941 269.734 269.734 2 1 0
0.057707 269.734 269.734 2 1 0
0.0580126 269.734 269.734 2 1 0
0.058311 269.734 269.734 2 1 0
0.0586023 269.734 269.734 2 1 0
0.0588869 269.734 269.734 2 1 0
0.0591649 269.734 269.734 2 1 0
0.0594364 269.734 269.734 2 1 0
0.0597017 269.734 269.734 2 1 0
0.0599609 269.734 269.734 2 1 0
0.0602142 269.734 269.734 2 1 0
0.0604617 269.734 269.734 2 1 0
0.0607037 269.734 269.734 2 1 0
0.0609401 269.734 269.734 2 1 0
0.0611713 269.734 269.734 2 1 0
0.0613973 269.734 269.734 2 1 0
0.0616183 269.734 269.734 2 1 0
0.0618345 269.734 269.734 2 1 0
0.0620459 269.734 269.734 2 1 0
0.0622528 269.734 269.734 2 1 0
0.0624552 269.734 269.734 2 1 0
0.0626532 269.734 269.734 2 1 0
0.0628471 269.734 269.734 2 1 0
0.0630368 269.734 269.734 2 1 0
0.0632227 269.734 269.734 2 1 0
0.0634047 269.734 269.734 2 1 0
0.063583 269.734 269.734 2 1 0
0.0637576 269.734 269.734 2 1 0
0.0639288 269.734 269.734 2 1 0
0.0640967 269.734 269.734 2 1 0
0.0642613 269.734 269.734 2 1 0
0.0644227 269.734 269.734 2 1 0
0.0645811 269.734 269.734 2 1 0
0.0647366 269.734 269.734 2 1 0
0.0648892 269.734 269.734 2 1 0
0.0650391 269.734 269.734 2 1 0
0.0651864 269.734 269.734 2 1 0
0.0653311 269.734 269.734 2 1 0
0.0654734 269.734 269.734 2 1 0
0.0656134 269.734 269.734 2 1 0
0.0657512 269.734 269.734 2 1 0
0.0658868 269.734 269.734 2 1 0
0.0660203 269.734 269.734 2 1 0
0.0661519 269.734 269.734 2 1 0
0.0662816 269.734 269.734 2 1 0
0.0664096 269.734 269.734 2 1 0
0.0665358 269.734 269.734 2 1 0
0.0666605 269.734 269.734 2 1 0
0.0667836 269.734 269.734 2 1 0
0.0669053 269.734 269.734 2 1 0
0.0670256 269.734 269.734 2 1 0
0.0671446 269.734 269.734 2 1 0
0.0672625 269.734 269.734 2 1 0
0.0673792 269.734 269.734 2 1 0
0.067495 269.734 269.734 2 1 0
0.0676097 269.734 269.734 2 1 0
0.0677236 269.734 269.734 2 1 0
0.0678366 269.734 269.734 2 1 0
0.0679489 269.734 269.734 2 1 0
0.0680606 269.734 269.734 2 1 0
0.0681717 269.734 269.734 2 1 0
0.0682822 269.734 269.734 2 1 0
0.0683923 269.734 269.734 2 1 0
0.0685021 269.734 269.734 2 1 0
0.0686115 269.734 269.734 2 1 0
0.0687207 269.734 269.734 2 1 0
0.0688297 269.734 269.734 2 1 0
0.0689386 269.734 269.734 2 1 0
0.0690474 269.734 269.734 2 1 0
0.0691563 269.734 269.734 2 1 0
0.0692652 269.734 269.734 2 1 0
0.0693743 269.734 269.734 2 1 0
0.0694836 269.734 269.734 2 1 0
0.0695932 269.734 269.734 2 1 0
0.0697031 269.734 269.734 2 1 0
0.0698133 269.734 269.734 2 1 0
0.069924 269.734 269.734 2 1 0
0.0700352 269.734 269.734 2 1 0
0.070147 269.734 269.734 2 1 0
0.0702593 269.734 269.734 2 1 0
0.0703723 269.734 269.734 2 1 0
0.070486 269.734 269.734 2 1 0
0.0706005 269.734 269.734 2 1 0
0.0707158 269.734 269.734 2 1 0
0.070832 269.734 269.734 2 1 0
0.0709491 269.734 269.734 2 1 0
0.0710671 269.734 269.734 2 1 0
0.0711862 269.734 269.734 2 1 0
0.0713063 269.734 269.734 2 1 0
0.0714276 269.734 269.734 2 1 0
0.0715499 269.734 269.734 2 1 0
0.0716735 269.734 269.734 2 1 0
0.0717984 269.734 269.734 2 1 0
0.0719245 269.734 269.734 2 1 0
0.0720519 269.734 269.734 2 1 0
0.0721808 269.734 269.734 2 1 0
0.072311 269.734 269.734 2 1 0
0.0724427 269.734 269.734 2 1 0
0.0725759 269.734 269.734 2 1 0
0.0727106 269.734 269.734 2 1 0
0.0728468 269.734 269.734 2 1 0
0.0729847 269.734 269.734 2 1 0
0.0731243 269.734 269.734 2 1 0
0.0732655 269.734 269.734 2 1 0
0.0734084 269.734 269.734 2 1 0
0.0735531 269.734 269.734 2 1 0
0.0736996 269.734 269.734 2 1 0
0.0738479 269.734 269.734 2 1 0
0.073998 269.734 269.734 2 1 0
0.07415 269.734 269.734 2 1 0
0.074304 269.734 269.734 2 1 0
0.0744598 269.734 269.734 2 1 0
0.0746177 269.734 269.734 2 1 0
0.0747776 269.734 269.734 2 1 0
0.0749394 269.734 269.734 2 1 0
0.0751034 269.734 269.734 2 1 0
0.0752694 269.734 269.734 2 1 0
0.0754376 269.734 269.734 2 1 0
0.0756079 269.734 269.734 2 1 0
0.0757804 269.734 269.734 2 1 0
0.0759551 269.734 269.734 2 1 0
0.076132 269.734 269.734 2 1 0
0.0763111 269.734 269.734 2 1 0
0.0764925 269.734 269.734 2 1 0
0.0766762 269.734 269.734 2 1 0
0.0768622 269.734 269.734 2 1 0
0.0770506 269.734 269.734 2 1 0
0.0772413 269.734 269.734 2 1 0
0.0774344 269.734 269.734 2 1 0
0.0776299 269.734 269.734 2 1 0
0.0778278 269.734 269.734 2 1 0
0.0780282 269.734 269.734 2 1 0
0.0782311 269.734 269.734 2 1 0
0.0784364 269.734 269.734 2 1 0
0.0786443 269.734 269.734 2 1 0
0.0788547 269.734 269.734 2 1 0
0.0790676 269.734 269.734 2 1 0
0.0792832 269.734 269.734 2 1 0
0.0795013 269.734 269.734 2 1 0
0.079722 269.734 269.734 2 1 0
0.0799454 269.734 269.734 2 1 0
0.0801714 269.734 269.734 2 1 0
0.0804001 269.734 269.734 2 1 0
0.0806315 269.734 269.734 2 1 0
0.0808656 269.734 269.734 2 1 0
0.0811024 269.734 269.734 2 1 0
0.081342 269.734 269.734 2 1 0
0.0815844 269.734 269.734 2 1 0
0.0818296 269.734 269.734 2 1 0
0.0820776 269.734 269.734 2 1 0
0.0823284 269.734 269.734 2 1 0
0.0825821 269.734 269.734 2 1 0
0.0828387 269.734 269.734 2 1 0
0.0830982 269.734 269.734 2 1 0
0.0833606 269.734 269.734 2 1 0
0.083626 269.734 269.734 2 1 0
0.0838944 269.734 269.734 2 1 0
0.0841658 269.734 269.734 2 1 0
0.0844402 269.734 269.734 2 1 0
0.0847176 269.734 269.734 2 1 0
0.0849982 269.734 269.734 2 1 0
0.0852819 269.734 269.734 2 1 0
0.0855687 269.734 269.734 2 1 0
0.0858587 269.734 269.734 2 1 0
0.0861518 269.734 269.734 2 1 0
0.0864482 269.734 269.734 2 1 0
0.0867479 269.734 269.734 2 1 0
0.0870509 269.734 269.734 2 1 0
0.0873572 269.734 269.734 2 1 0
0.0876669 269.734 269.734 2 1 0
0.08798 269.734 269.734 2 1 0
0.0882965 269.734 269.734 2 1 0
0.0886165 269.734 269.734 2 1 0
0.08894 269.734 269.734 2 1 0
0.0892671 269.734 269.734 2 1 0
0.0895977 269.734 269.734 2 1 0
0.0899321 269.734 269.734 2 1 0
0.0902701 269.734 269.734 2 1 0
0.0906118 269.734 269.734 2 1 0
0.0909574 269.734 269.734 2 1 0
0.0913068 269.734 269.734 2 1 0
0.0916601 269.734 269.734 2 1 0
0.0920173 269.734 269.734 2 1 0
0.0923785 269.734 269.734 2 1 0
0.0927438 269.734 269.734 2 1 0
0.0931132 269.734 269.734 2 1 0
0.0934868 269.734 269.734 2 1 0
0.0938646 269.734 269.734 2 1 0
0.0942468 269.734 269.734 2 1 0
0.0946333 269.734 269.734 2 1 0
0.0950243 269.734 269.734 2 1 0
0.0954198 269.734 269.734 2 1 0
0.0958198 269.734 269.734 2 1 0
0.0962246 269.734 269.734 2 1 0
0.0966341 269.734 269.734 2 1 0
0.0970485 269.734 269.734 2 1 0
0.0974677 269.734 269.734 2 1 0
0.097892 269.734 269.734 2 1 0
0.0983214 269.734 269.734 2 1 0
0.098756 269.734 269.734 2 1 0
0.0991959 269.734 269.734 2 1 0
0.0996412 269.734 269.734 2 1 0
0.100092 269.734 269.734 2 1 0
0.100548 269.734 269.734 2 1 0
0.101011 269.734 269.734 2 1 0
0.101479 269.734 269.734 2 1 0
0.101952 269.734 269.734 2 1 0
0.102432 269.734 269.734 2 1 0
0.102919 269.734 269.734 2 1 0
0.103411 269.734 269.734 2 1 0
0.10391 269.734 269.734 2 1 0
0.104416 269.734 269.734 2 1 0
0.104928 269.734 269.734 2 1 0
0.105448 269.734 269.734 2 1 0
0.105974 269.734 269.734 2 1 0
0.106508 269.734 269.734 2 1 0
0.107049 269.734 269.734 2 1 0
0.107598 269.734 269.734 2 1 0
0.108154 269.734 269.734 2 1 0
0.108719 269.734 269.734 2 1 0
0.109291 269.734 269.734 2 1 0
0.109872 269.734 269.734 2 1 0
0.110462 269.734 269.734 2 1 0
0.11106 269.734 269.734 2 1 0
0.111668 269.734 269.734 2 1 0
0.112284 269.734 269.734 2 1 0
0.11291 269.734 269.734 2 1 0
0.113546 269.734 269.734 2 1 0
0.114192 269.734 269.734 2 1 0
0.114848 269.734 269.734 2 1 0
0.115515 269.734 269.734 2 1 0
0.116192 269.734 269.734 2 1 0
0.116881 269.734 269.734 2 1 0
0.117581 269.734 269.734 2 1 0
0.118293 269.734 269.734 2 1 0
0.119017 269.734 269.734 2 1 0
0.119753 269.734 269.734 2 1 0
0.120503 269.734 269.734 2 1 0
0.121266 269.734 269.734 2 1 0
0.122042 269.734 269.734 2 1 0
0.122832 269.734 269.734 2 1 0
0.123638 269.734 269.734 2 1 0
0.124458 269.734 269.734 2 1 0
0.125293 269.734 269.734 2 1 0
0.126145 269.734 269.734 2 1 0
0.127013 269.734 269.734 2 1 0
0.127898 269.734 269.734 2 1 0
0.128801 269.734 269.734 2 1 0
0.129722 269.734 269.734 2 1 0
0.130662 269.734 269.734 2 1 0
0.131621 269.734 269.734 2 1 0
0.132601 269.734 269.734 2 1 0
0.133601 269.734 269.734 2 1 0
0.134624 269.734 269.734 2 1 0
0.135669 269.734 269.734 2 1 0
0.136737 269.734 269.734 2 1 0
0.13783 269.734 269.734 2 1 0
0.138948 269.734 269.734 2 1 0
0.140092 269.734 269.734 2 1 0
0.141264 269.734 269.734 2 1 0
0.142463 269.734 269.734 2 1 0
0.143693 269.734 269.734 2 1 0
0.144953 269.734 269.734 2 1 0
0.146245 269.734 269.734 2 1 0
0.147571 269.734 269.734 2 1 0
0.148931 269.734 269.734 2 1 0
0.150328 269.734 269.734 2 1 0
0.151763 269.734 269.734 2 1 0
0.153238 269.734 269.734 2 1 0
0.154754 269.734 269.734 2 1 0
0.156314 269.734 269.734 2 1 0
0.15792 269.734 269.734 2 1 0
0.159574 269.734 269.734 2 1 0
0.161277 269.734 269.734 2 1 0
0.163034 269.734 269.734 2 1 0
0.164846 269.734 269.734 2 1 0
0.166716 269.734 269.734 2 1 0
0.168647 269.734 269.734 2 1 0
0.170643 269.734 269.734 2 1 0
0.172707 269.734 269.734 2 1 0
0.174843 269.734 269.734 2 1 0
0.177054 269.734 269.734 2 1 0
0.179345 269.734 269.734 2 1 0
0.181721 269.734 269.734 2 1 0
0.184186 269.734 269.734 2 1 0
0.186745 269.734 269.734 2 1 0
0.189405 269.734 269.734 2 1 0
0.19217 269.734 269.734 2 1 0
0.195048 269.734 269.734 2 1 0
0.198044 269.734 269.734 2 1 0
0.201166 269.734 269.734 2 1 0
0.204422 269.734 269.734 2 1 0
0.207819 269.734 269.734 2 1 0
0.211366 269.734 269.734 2 1 0
0.215071 269.734 269.734 2 1 0
0.218944 269.734 269.734 2 1 0
0.222993 269.734 269.734 2 1 0
0.227228 269.734 269.734 2 1 0
0.231659 269.734 269.734 2 1 0
0.236295 269.734 269.734 2 1 0
0.241145 269.734 269.734 2 1 0
0.246217 269.734 269.734 2 1 0
0.251519 269.734 269.734 2 1 0
0.257057 269.734 269.734 2 1 0
0.262837 269.734 269.734 2 1 0
0.268861 269.734 269.734 2 1 0
0.27513 269.734 269.734 2 1 0
0.281644 269.734 269.734 2 1 0
0.2884 269.734 269.734 2 1 0
0.295391 269.734 269.734 2 1 0
0.30261 269.734 269.734 2 1 0
0.310047 63.8613 63.8613 2 1 0
0.317689 26.1449 26.1449 2 1 0
0.325524 19.3018 19.3018 2 1 0
0.333538 16.0106 16.0106 2 1 0
0.341717 13.995 13.995 2 1 0
0.350046 12.609 12.609 2 1 0
0.35851 11.5895 11.5895 2 1 0
0.367097 10.8063 10.8063 2 1 0
0.375793 10.1866 10.1866 2 1 0
0.384586 9.68636 9.68636 2 1 0
0.393466 9.27695 9.27695 2 1 0
0.402422 8.93899 8.93899 2 1 0
0.411445 8.65886 8.65886 2 1 0
0.420527 8.42672 8.42672 2 1 0
0.429662 8.2353 8.2353 2 1 0
0.438842 8.07914 8.07914 2 1 0
0.448063 7.95409 7.95409 2 1 0
0.454843 7.88017 7.88017 2 1 0
0.464119 7.80225 7.80225 1 1 0
0.473427 7.74833 7.74833 1 1 0
0.48276 7.71717 7.71717 1 1 0
0.492115 7.70778 7.70778 1 1 0
0.50149 7.71949 7.71949 1 1 0
0.510881 7.75193 7.75193 1 1 0
0.520288 7.80502 7.80502 1 1 0
0.529708 7.87893 7.87893 1 1 0
0.53914 7.9741 7.9741 1 1 0
0.548583 8.09118 8.09118 1 1 0
0.558034 8.23113 8.23113 1 1 0
0.567494 8.39517 8.39517 1 1 0
0.576962 8.58488 8.58488 1 1 0
0.586436 8.80223 8.80223 1 1 0
0.595916 9.04965 9.04965 1 1 0
0.605402 9.33019 9.33019 1 1 0
0.614892 9.64765 9.64765 1 1 0
0.624387 10.0068 10.0068 1 1 0
0.633885 10.4138 10.4138 1 1 0
0.643387 10.8765 10.8765 1 1 0
0.652892 11.4052 11.4052 1 1 0
0.6624 12.0137 12.0137 1 1 0
0.67191 12.7209 12.7209 1 1 0
0.681423 13.5535 13.5535 1 1 0
0.690938 14.5504 14.5504 1 1 0
0.700455 15.7712 15.7712 1 1 0
0.709973 17.3123 17.3123 1 1 0
0.719493 19.3433 19.3433 1 1 0
0.729015 22.1973 22.1973 1 1 0
0.738538 26.6526 26.6526 1 1 0
0.748062 35.1942 35.1942 1 1 0
0.757587 66.1751 66.1751 1 1 0
0.767113 66.1751 66.1751 1 1 0
0.776641 66.1751 66.1751 1 1 0
0.786169 66.1751 66.1751 1 1 0
0.795697 66.1751 66.1751 1 1 0
0.805227 66.1751 66.1751 1 1 0
0.814757 66.1751 66.1751 1 1 0
0.824288 66.1751 66.1751 1 1 0
0.833819 66.1751 66.1751 1 1 0
0.843351 66.1751 66.1751 1 1 0
0.852883 66.1751 66.1751 1 1 0
0.862416 66.1751 66.1751 1 1 0
0.871949 66.1751 66.1751 1 1 0
0.881483 66.1751 66.1751 1 1 0
0.891017 66.1751 66.1751 1 1 0
0.900551 66.1751 66.1751 1 1 0
0.910086 66.1751 66.1751 1 1 0
0.91962 66.1751 66.1751 1 1 0
0.929156 66.1751 66.1751 1 1 0
0.938691 66.1751 66.1751 1 1 0
0.948226 66.1751 66.1751 1 1 0
0.957762 66.1751 66.1751 1 1 0
0.967298 66.1751 66.1751 1 1 0
0.976834 66.1751 66.1751 1 1 0
0.986371 66.1751 66.1751 1 1 0
0.995907 66.1751 66.1751 1 1 0
1.00544 66.1751 66.1751 1 1 0
0.0525486 63.2192 63.2192 4 2 0
0.0525332 68.9743 68.9743 4 2 0
0.0525202 79.631 79.631 4 2 0
0.0525176 90.13 90.13 3 2 0
0.0525189 101.052 101.052 4 2 0
0.0525215 112.139 112.139 4 2 0
0.0525245 123.325 123.325 4 2 0
0.0525293 138.508 138.508 4 2 0
0.0525341 152.229 152.229 4 2 0
0.0525392 164.802 164.802 4 2 0
0.0525372 160.023 160.023 4 2 0
0.0525423 172.013 172.013 4 2 0
0.0525476 183.194 183.194 4 2 0
0.0525529 193.7 193.7 4 2 0
0.0525584 203.634 203.634 4 2 0
0.0525585 203.755 203.755 4 2 0
0.0525642 213.188 213.188 4 2 0
0.0525645 213.781 213.781 4 2 0
0.0525703 222.754 222.754 4 2 0
0.0525762 231.348 231.348 4 2 0
0.0525823 239.601 239.601 4 2 0
0.0525882 247.264 247.264 4 2 0
0.0525945 254.94 254.94 4 2 0
0.0526006 262.083 262.083 4 2 0
0.0526071 269.275 269.275 4 2 0
0.052614 276.457 276.457 4 2 0
0.0526207 283.219 283.219 4 2 0
0.0526276 289.792 289.792 4 2 0
0.0526346 296.187 296.187 4 2 0
0.0526417 302.415 302.415 4 2 0
0.052649 308.483 308.483 4 2 0
0.0526549 313.275 313.275 4 2 0
0.0526624 319.078 319.078 4 2 0
0.0526699 324.744 324.744 4 2 0
0.0526692 324.165 324.165 4 2 0
0.0526768 329.713 329.713 4 2 0
0.0526847 335.135 335.135 4 2 0
0.0526926 340.436 340.436 4 2 0
0.0527007 345.62 345.62 4 2 0
0.0527089 350.692 350.692 4 2 0
0.0527078 350.063 350.063 4 2 0
0.0527162 355.04 355.04 4 2 0
0.0527246 359.911 359.911 4 2 0
0.0527333 364.679 364.679 4 2 0
0.0527421 369.347 369.347 4 2 0
0.0527421 369.368 369.368 4 2 0
0.0527511 373.939 373.939 4 2 0
0.0527602 378.415 378.415 4 2 0
0.0527695 382.799 382.799 4 2 0
0.0527791 387.091 387.091 4 2 0
0.0527889 391.295 391.295 4 2 0
0.052799 395.412 395.412 4 2 0
0.0528095 399.443 399.443 4 2 0
0.0528131 400.791 400.791 4 2 0
0.052824 404.71 404.71 4 2 0
0.052824 404.682 404.682 4 2 0
0.0528354 408.52 408.52 4 2 0
0.052846 411.866 411.866 4 2 0
0.0528587 415.554 415.554 4 2 0
0.0528723 419.169 419.169 4 2 0
0.0528873 422.712 422.712 4 2 0
0.0529041 426.189 426.189 4 2 0
0.0529241 429.609 429.609 4 2 0
0.0529505 432.976 432.976 4 2 0
0.0530044 436.137 436.137 4 2 0
0.0530846 433.976 433.976 4 2 0
0.0531083 432.25 432.25 4 2 0
0.0531302 430.308 430.308 4 2 0
0.0531418 429.147 429.147 4 2 0
0.0531619 426.951 426.951 4 2 0
0.0531619 426.95 426.95 4 2 0
0.0531812 424.616 424.616 4 2 0
0.0531998 422.157 422.157 4 2 0
0.0532179 419.582 419.582 4 2 0
0.0532288 417.949 417.949 4 2 0
0.0532462 415.2 415.2 4 2 0
0.0532634 412.348 412.348 4 2 0
0.0532802 409.397 409.397 4 2 0
0.0532897 407.67 407.67 4 2 0
0.0533062 404.569 404.569 4 2 0
0.0533226 401.365 401.365 4 2 0
0.0533388 398.079 398.079 4 2 0
0.0533564 394.364 394.364 4 2 0
0.0533724 390.89 390.89 4 2 0
0.0533883 387.327 387.327 4 2 0
0.0534041 383.675 383.675 4 2 0
0.0534198 379.934 379.934 4 2 0
0.0534356 376.105 376.105 4 2 0
0.0534513 372.186 372.186 4 2 0
0.053467 368.179 368.179 4 2 0
0.0534827 364.081 364.081 4 2 0
0.0534952 360.765 360.765 4 2 0
0.053511 356.504 356.504 4 2 0
0.0535267 352.15 352.15 4 2 0
0.0535425 347.703 347.703 4 2 0
0.0535583 343.161 343.161 4 2 0
0.0535635 341.666 341.666 4 2 0
0.0535793 336.996 336.996 4 2 0
0.0535842 335.536 335.536 4 2 0
0.0536002 330.738 330.738 4 2 0
0.0536161 325.838 325.838 4 2 0
0.0536288 321.89 321.89 4 2 0
0.0536448 316.806 316.806 4 2 0
0.0536622 311.154 311.154 4 2 0
0.0536783 305.847 305.847 4 2 0
0.0536944 300.429 300.429 4 2 0
0.0536975 299.38 299.38 4 2 0
0.0537135 293.83 293.83 4 2 0
0.0537296 288.163 288.163 4 2 0
0.0537312 287.579 287.579 4 2 0
0.0537473 281.784 281.784 4 2 0
0.0537632 275.869 275.869 4 2 0
0.0537791 269.834 269.834 4 2 0
0.0537949 263.676 263.676 4 2 0
0.0538212 253.01 253.01 4 2 0
0.0538366 246.512 246.512 4 2 0
0.0538517 239.881 239.881 4 2 0
0.0538665 233.115 233.115 4 2 0
0.0538809 226.209 226.209 4 2 0
0.0538953 219.147 219.147 4 2 0
0.0539125 211.871 211.871 4 2 0
0.0539151 211.033 211.033 3 2 0
0.0539563 203.346 203.346 3 2 0
0.0540663 195.064 195.064 3 2 0
0.0542827 186.468 186.468 3 2 0
0.0546079 177.981 177.981 3 2 0
0.0550293 169.827 169.827 3 2 0
0.055535 162.082 162.082 3 2 0
0.0561156 154.763 154.763 3 2 0
0.0567645 147.861 147.861 3 2 0
0.0574764 141.359 141.359 3 2 0
0.0582473 135.235 135.235 3 2 0
0.059074 129.466 129.466 3 2 0
0.0599538 124.031 124.031 3 2 0
0.0608843 118.91 118.91 3 2 0
0.0618634 114.084 114.084 3 2 0
0.0628891 109.535 109.535 3 2 0
0.0639596 105.245 105.245 3 2 0
0.065073 101.201 101.201 3 2 0
0.0662274 97.3879 97.3879 3 2 0
0.0674211 93.7914 93.7914 3 2 0
0.0686523 90.399 90.399 3 2 0
0.0699192 87.1985 87.1985 3 2 0
0.0712202 84.1786 84.1786 3 2 0
0.0725535 81.3283 81.3283 3 2 0
0.0739176 78.6374 78.6374 3 2 0
0.0753109 76.096 76.096 3 2 0
0.0767319 73.6949 73.6949 3 2 0
0.0781792 71.4255 71.4255 3 2 0
0.0796515 69.2796 69.2796 3 2 0
0.0811473 67.2495 67.2495 3 2 0
0.0826656 65.3279 65.3279 3 2 0
0.0842052 63.508 63.508 3 2 0
0.085765 61.7837 61.7837 3 2 0
0.087344 60.1488 60.1488 3 2 0
0.0889411 58.5981 58.5981 3 2 0
0.0905555 57.1262 57.1262 3 2 0
0.0921863 55.7284 55.7284 3 2 0
0.0938326 54.4003 54.4003 3 2 0
0.0954936 53.1378 53.1378 3 2 0
0.0971685 51.937 51.937 3 2 0
0.0988565 50.7944 50.7944 3 2 0
0.100557 49.7067 49.7067 3 2 0
0.102269 48.6708 48.6708 3 2 0
0.103991 47.6839 47.6839 3 2 0
0.105724 46.7434 46.7434 3 2 0
0.107466 45.8469 45.8469 3 2 0
0.109216 44.992 44.992 3 2 0
0.110974 44.1768 44.1768 3 2 0
0.112739 43.3993 43.3993 3 2 0
0.114509 42.6577 42.6577 3 2 0
0.116284 41.9503 41.9503 3 2 0
0.118063 41.2758 41.2758 3 2 0
0.119845 40.6327 40.6327 3 2 0
0.121629 40.0196 40.0196 3 2 0
0.123413 39.4356 39.4356 3 2 0
0.125197 38.8794 38.8794 3 2 0
0.126978 38.3502 38.3502 3 2 0
0.128756 37.847 37.847 3 2 0
0.130528 37.3692 37.3692 3 2 0
0.132294 36.9159 36.9159 3 2 0
0.134052 36.4867 36.4867 3 2 0
0.135799 36.0809 36.0809 3 2 0
0.137533 35.6983 35.6983 3 2 0
0.139252 35.3384 35.3384 3 2 0
0.140954 35.001 35.001 3 2 0
0.142636 34.6859 34.6859 3 2 0
0.144295 34.3931 34.3931 3 2 0
0.145927 34.1226 34.1226 3 2 0
0.14753 33.8746 33.8746 3 2 0
0.1491 33.6492 33.6492 3 2 0
0.150631 33.4468 33.4468 3 2 0
0.152121 33.2679 33.2679 3 2 0
0.153564 33.113 33.113 3 2 0
0.154955 32.9827 32.9827 3 2 0
0.156289 32.8779 32.8779 3 2 0
0.157561 32.7992 32.7992 3 2 0
0.158764 32.7477 32.7477 3 2 0
0.159894 32.7241 32.7241 3 2 0
0.160945 32.7292 32.7292 3 2 0
0.161913 32.7635 32.7635 3 2 0
0.162795 32.8273 32.8273 3 2 0
0.16359 32.9203 32.9203 3 2 0
0.1643 33.0417 33.0417 3 2 0
0.164928 33.1899 33.1899 3 2 0
0.165482 33.3626 33.3626 3 2 0
0.16597 33.5568 33.5568 3 2 0
0.166403 33.7692 33.7692 3 2 0
0.166655 33.9119 33.9119 4 2 0
0.167024 34.1466 34.1466 4 2 0
0.167367 34.3912 34.3912 4 2 0
0.167693 34.6431 34.6431 4 2 0
0.168007 34.9005 34.9005 4 2 0
0.168315 35.1624 35.1624 4 2 0
0.168619 35.4279 35.4279 4 2 0
0.168923 35.6968 35.6968 4 2 0
0.169226 35.9688 35.9688 4 2 0
0.16953 36.2441 36.2441 4 2 0
0.169836 36.5228 36.5228 4 2 0
0.170143 36.8051 36.8051 4 2 0
0.170452 37.0915 37.0915 4 2 0
0.170764 37.382 37.382 4 2 0
0.171078 37.6773 37.6773 4 2 0
0.171394 37.9776 37.9776 4 2 0
0.171713 38.2834 38.2834 4 2 0
0.172036 38.5951 38.5951 4 2 0
0.172361 38.9134 38.9134 4 2 0
0.172691 39.2388 39.2388 4 2 0
0.173025 39.572 39.572 4 2 0
0.173363 39.9137 39.9137 4 2 0
0.173706 40.2649 40.2649 4 2 0
0.174055 40.6266 40.6266 4 2 0
0.17441 40.9998 40.9998 4 2 0
0.174772 41.3859 41.3859 4 2 0
0.175143 41.7864 41.7864 4 2 0
0.175523 42.2023 42.2023 4 2 0
0.175915 42.6336 42.6336 4 2 0
0.176321 43.075 43.075 4 2 0
0.176745 43.5045 43.5045 4 2 0
0.177187 43.8617 43.8617 4 2 0
0.177642 44.0664 44.0664 4 2 0
0.1781 44.1055 44.1055 4 2 0
0.178557 44.0274 44.0274 4 2 0
0.179012 43.8767 43.8767 4 2 0
0.179466 43.6808 43.6808 4 2 0
0.179919 43.455 43.455 4 2 0
0.180374 43.2086 43.2086 4 2 0
0.180829 42.9476 42.9476 4 2 0
0.181285 42.6759 42.6759 4 2 0
0.181743 42.3961 42.3961 4 2 0
0.182202 42.1104 42.1104 4 2 0
0.182663 41.8202 41.8202 4 2 0
0.183126 41.5267 41.5267 4 2 0
0.183591 41.2309 41.2309 4 2 0
0.184058 40.9335 40.9335 4 2 0
0.184527 40.6351 40.6351 4 2 0
0.184998 40.3362 40.3362 4 2 0
0.185472 40.0374 40.0374 4 2 0
0.185948 39.739 39.739 4 2 0
0.186426 39.4413 39.4413 4 2 0
0.186907 39.1446 39.1446 4 2 0
0.18739 38.8493 38.8493 4 2 0
0.187876 38.5554 38.5554 4 2 0
0.188365 38.2632 38.2632 4 2 0
0.188856 37.9729 37.9729 4 2 0
0.18935 37.6847 37.6847 4 2 0
0.189846 37.3986 37.3986 4 2 0
0.190346 37.1149 37.1149 4 2 0
0.190849 36.8336 36.8336 4 2 0
0.191354 36.5548 36.5548 4 2 0
0.191862 36.2787 36.2787 4 2 0
0.192374 36.0052 36.0052 4 2 0
0.192888 35.7345 35.7345 4 2 0
0.193406 35.4667 35.4667 4 2 0
0.193927 35.2018 35.2018 4 2 0
0.194451 34.9398 34.9398 4 2 0
0.194979 34.6808 34.6808 4 2 0
0.19551 34.4248 34.4248 4 2 0
0.196044 34.1719 34.1719 4 2 0
0.196582 33.9222 33.9222 4 2 0
0.197123 33.6755 33.6755 4 2 0
0.197668 33.432 33.432 4 2 0
0.198217 33.1916 33.1916 4 2 0
0.198769 32.9544 32.9544 4 2 0
0.199326 32.7204 32.7204 4 2 0
0.199886 32.4895 32.4895 4 2 0
0.200449 32.2619 32.2619 4 2 0
0.201017 32.0375 32.0375 4 2 0
0.201589 31.8162 31.8162 4 2 0
0.202165 31.5982 31.5982 4 2 0
0.202745 31.3833 31.3833 4 2 0
0.20333 31.1716 31.1716 4 2 0
0.203919 30.963 30.963 4 2 0
0.204512 30.7576 30.7576 4 2 0
0.205109 30.5554 30.5554 4 2 0
0.205711 30.3562 30.3562 4 2 0
0.206318 30.1602 30.1602 4 2 0
0.20693 29.9672 29.9672 4 2 0
0.207546 29.7774 29.7774 4 2 0
0.208167 29.5905 29.5905 4 2 0
0.208793 29.4067 29.4067 4 2 0
0.209424 29.2259 29.2259 4 2 0
0.21006 29.0481 29.0481 4 2 0
0.210701 28.8732 28.8732 4 2 0
0.211347 28.7013 28.7013 4 2 0
0.211999 28.5322 28.5322 4 2 0
0.212656 28.3661 28.3661 4 2 0
0.213319 28.2028 28.2028 4 2 0
0.213987 28.0423 28.0423 4 2 0
0.214661 27.8846 27.8846 4 2 0
0.215341 27.7297 27.7297 4 2 0
0.216026 27.5775 27.5775 4 2 0
0.216718 27.428 27.428 4 2 0
0.217416 27.2812 27.2812 4 2 0
0.21812 27.137 27.137 4 2 0
0.21883 26.9955 26.9955 4 2 0
0.219546 26.8565 26.8565 4 2 0
0.220269 26.7201 26.7201 4 2 0
0.220999 26.5862 26.5862 4 2 0
0.221736 26.4548 26.4548 4 2 0
0.222479 26.3259 26.3259 4 2 0
0.223229 26.1994 26.1994 4 2 0
0.223986 26.0753 26.0753 4 2 0
0.224751 25.9536 25.9536 4 2 0
0.225522 25.8342 25.8342 4 2 0
0.226301 25.7171 25.7171 4 2 0
0.227088 25.6023 25.6023 4 2 0
0.227882 25.4898 25.4898 4 2 0
0.228684 25.3794 25.3794 4 2 0
0.229494 25.2713 25.2713 4 2 0
0.230312 25.1653 25.1653 4 2 0
0.231138 25.0614 25.0614 4 2 0
0.231973 24.9596 24.9596 4 2 0
0.232815 24.8599 24.8599 4 2 0
0.233667 24.7622 24.7622 4 2 0
0.234527 24.6665 24.6665 4 2 0
0.235396 24.5728 24.5728 4 2 0
0.236274 24.4811 24.4811 4 2 0
0.237161 24.3913 24.3913 4 2 0
0.238058 24.3033 24.3033 4 2 0
0.238963 24.2172 24.2172 4 2 0
0.239879 24.133 24.133 4 2 0
0.240804 24.0506 24.0506 4 2 0
0.241739 23.9699 23.9699 4 2 0
0.242684 23.891 23.891 4 2 0
0.24364 23.8139 23.8139 4 2 0
0.244606 23.7384 23.7384 4 2 0
0.245582 23.6647 23.6647 4 2 0
0.246569 23.5926 23.5926 4 2 0
0.247567 23.5221 23.5221 4 2 0
0.248576 23.4532 23.4532 4 2 0
0.249597 23.3859 23.3859 4 2 0
0.250629 23.3202 23.3202 4 2 0
0.251672 23.256 23.256 4 2 0
0.252727 23.1934 23.1934 4 2 0
0.253794 23.1322 23.1322 4 2 0
0.254874 23.0726 23.0726 4 2 0
0.255965 23.0143 23.0143 4 2 0
0.25707 22.9576 22.9576 4 2 0
0.258187 22.9022 22.9022 4 2 0
0.259316 22.8483 22.8483 4 2 0
0.260459 22.7958 22.7958 4 2 0
0.261616 22.7446 22.7446 4 2 0
0.262786 22.6948 22.6948 4 2 0
0.263969 22.6464 22.6464 4 2 0
0.265167 22.5993 22.5993 4 2 0
0.266378 22.5535 22.5535 4 2 0
0.267604 22.509 22.509 4 2 0
0.268845 22.4659 22.4659 4 2 0
0.2701 22.424 22.424 4 2 0
0.27137 22.3835 22.3835 4 2 0
0.272655 22.3442 22.3442 4 2 0
0.273955 22.3062 22.3062 4 2 0
0.275271 22.2695 22.2695 4 2 0
0.276603 22.234 22.234 4 2 0
0.27795 22.1999 22.1999 4 2 0
0.279314 22.167 22.167 4 2 0
0.280694 22.1354 22.1354 4 2 0
0.28209 22.1052 22.1052 4 2 0
0.283503 22.0762 22.0762 4 2 0
0.284933 22.0485 22.0485 4 2 0
0.286379 22.0222 22.0222 4 2 0
0.287843 21.9972 21.9972 4 2 0
0.289323 21.9735 21.9735 4 2 0
0.290822 21.9513 21.9513 4 2 0
0.292337 21.9304 21.9304 4 2 0
0.29387 21.911 21.911 4 2 0
0.295421 21.8931 21.8931 4 2 0
0.296989 21.8766 21.8766 4 2 0
0.298576 21.8617 21.8617 4 2 0
0.30018 21.8484 21.8484 4 2 0
0.301801 21.8367 21.8367 4 2 0
0.303441 21.8267 21.8267 4 2 0
0.305099 21.8185 21.8185 4 2 0
0.306774 21.812 21.812 4 2 0
0.308466 21.8075 21.8075 4 2 0
0.310177 21.8048 21.8048 4 2 0
0.311904 21.8043 21.8043 4 2 0
0.313649 21.8058 21.8058 4 2 0
0.315411 21.8096 21.8096 4 2 0
0.31719 21.8157 21.8157 4 2 0
0.318985 21.8242 21.8242 4 2 0
0.320796 21.8353 21.8353 4 2 0
0.322623 21.8491 21.8491 4 2 0
0.324465 21.8658 21.8658 4 2 0
0.326323 21.8855 21.8855 4 2 0
0.328195 21.9083 21.9083 4 2 0
0.33008 21.9345 21.9345 4 2 0
0.33198 21.9642 21.9642 4 2 0
0.333892 21.9976 21.9976 4 2 0
0.335816 22.035 22.035 4 2 0
0.337753 22.0766 22.0766 4 2 0
0.3397 22.1226 22.1226 4 2 0
0.341658 22.1733 22.1733 4 2 0
0.343627 22.2289 22.2289 4 2 0
0.345606 22.2898 22.2898 4 2 0
0.347594 22.3563 22.3563 4 2 0
0.349591 22.4286 22.4286 4 2 0
0.351598 22.5071 22.5071 4 2 0
0.353615 22.5922 22.5922 4 2 0
0.355643 22.6841 22.6841 4 2 0
0.357681 22.7832 22.7832 4 2 0
0.359732 22.8898 22.8898 4 2 0
0.361798 23.0044 23.0044 4 2 0
0.363881 23.1272 23.1272 4 2 0
0.365983 23.2586 23.2586 4 2 0
0.36811 23.3988 23.3988 4 2 0
0.370265 23.5481 23.5481 4 2 0
0.372456 23.7068 23.7068 4 2 0
0.374688 23.875 23.875 4 2 0
0.376971 24.0528 24.0528 4 2 0
0.379313 24.2401 24.2401 4 2 0
0.381728 24.437 24.437 4 2 0
0.384226 24.6433 24.6433 4 2 0
0.386824 24.8585 24.8585 4 2 0
0.389536 25.0821 25.0821 4 2 0
0.392382 25.3135 25.3135 4 2 0
0.39538 25.5519 25.5519 4 2 0
0.398552 25.7959 25.7959 4 2 0
0.40192 26.0444 26.0444 4 2 0
0.405505 26.2957 26.2957 4 2 0
0.409331 26.5479 26.5479 4 2 0
0.41342 26.799 26.799 4 2 0
0.417792 27.0467 27.0467 4 2 0
0.422467 27.2885 27.2885 4 2 0
0.427459 27.5218 27.5218 4 2 0
0.43278 27.7441 27.7441 4 2 0
0.438437 27.9527 27.9527 4 2 0
0.444431 28.1452 28.1452 4 2 0
0.450758 28.3193 28.3193 4 2 0
0.457412 28.4728 28.4728 4 2 0
0.464379 28.6039 28.6039 4 2 0
0.471643 28.7106 28.7106 4 2 0
0.479184 28.7909 28.7909 4 2 0
0.486983 28.8427 28.8427 4 2 0
0.495015 28.8634 28.8634 4 2 0
0.503255 28.8498 28.8498 4 2 0
0.511676 28.7983 28.7983 4 2 0
0.520247 28.7053 28.7053 4 2 0
0.528936 28.5683 28.5683 4 2 0
0.537708 28.3871 28.3871 4 2 0
0.546532 28.1647 28.1647 4 2 0
0.555379 27.9068 27.9068 4 2 0
0.564228 27.6208 27.6208 4 2 0
0.573061 27.3135 27.3135 4 2 0
0.581865 26.9906 26.9906 4 2 0
0.590627 26.6564 26.6564 4 2 0
0.599334 26.3131 26.3131 4 2 0
0.607969 25.9616 25.9616 4 2 0
0.616509 25.6015 25.6015 4 2 0
0.624922 25.2307 25.2307 4 2 0
0.633155 24.8456 24.8456 4 2 0
0.641124 24.4401 24.4401 4 2 0
0.648676 24.004 24.004 4 2 0
0.655503 23.5205 23.5205 4 2 0
0.660917 22.9625 22.9625 4 2 0
0.663343 22.3031 22.3031 4 2 0
0.663327 22.2228 22.2228 4 2 0
0.660926 21.6026 21.6026 4 2 0
0.655555 21.0437 21.0437 4 2 0
0.648985 20.5687 20.5687 4 2 0
0.641808 20.1391 20.1391 4 2 0
0.634275 19.7356 19.7356 4 2 0
0.626522 19.3472 19.3472 4 2 0
0.618631 18.9669 18.9669 4 2 0
0.610653 18.5898 18.5898 4 2 0
0.602624 18.212 18.212 4 2 0
0.594571 17.8308 17.8308 4 2 0
0.586513 17.4436 17.4436 4 2 0
0.578465 17.0481 17.0481 4 2 0
0.570442 16.6424 16.6424 4 2 0
0.562455 16.2247 16.2247 4 2 0
0.554514 15.793 15.793 4 2 0
0.546629 15.3457 15.3457 4 2 0
0.538809 14.8809 14.8809 4 2 0
0.531061 14.397 14.397 4 2 0
0.523393 13.8922 13.8922 4 2 0
0.515814 13.3651 13.3651 4 2 0
0.508328 12.8143 12.8143 4 2 0
0.500943 12.2391 12.2391 4 2 0
0.493665 11.6399 11.6399 4 2 0
0.486505 11.0183 11.0183 4 2 0
0.479482 10.3783 10.3783 4 2 0
0.472646 9.72726 9.72726 4 2 0
0.466104 9.07795 9.07795 4 2 0
0.460121 8.45761 8.45761 4 2 0
0.455525 7.95744 7.95744 4 2 0
0.454978 7.89599 7.89599 4 2 0
0.45484 7.8804 7.8804 4 2 0
0.45484 7.88045 7.88045 3 2 0
0.456804 8.09923 8.09923 4 2 0
0.462048 8.66065 8.66065 4 2 0
0.468384 9.30739 9.30739 4 2 0
0.475077 9.96197 9.96197 4 2 0
0.481997 10.6109 10.6109 4 2 0
0.489076 11.2452 11.2452 4 2 0
0.496282 11.8592 11.8592 4 2 0
0.5036 12.4499 12.4499 4 2 0
0.511023 13.0162 13.0162 4 2 0
0.518544 13.5583 13.5583 4 2 0
0.526156 14.0773 14.0773 4 2 0
0.533854 14.5743 14.5743 4 2 0
0.541629 15.0511 15.0511 4 2 0
0.549474 15.5094 15.5094 4 2 0
0.55738 15.9508 15.9508 4 2 0
0.565339 16.3773 16.3773 4 2 0
0.573341 16.7905 16.7905 4 2 0
0.581374 17.1922 17.1922 4 2 0
0.589427 17.5845 17.5845 4 2 0
0.597485 17.9693 17.9693 4 2 0
0.605532 18.3489 18.3489 4 2 0
0.613544 18.726 18.726 4 2 0
0.621494 19.1037 19.1037 4 2 0
0.62934 19.4862 19.4862 4 2 0
0.63702 19.8788 19.8788 4 2 0
0.644432 20.2894 20.2894 4 2 0
0.651394 20.7298 20.7298 4 2 0
0.657543 21.2194 21.2194 4 2 0
0.662061 21.7886 21.7886 4 2 0
0.663345 22.283 22.283 4 2 0
0.661258 22.9124 22.9124 4 2 0
0.655739 23.5011 23.5011 4 2 0
0.648834 23.994 23.994 4 2 0
0.641259 24.4328 24.4328 4 2 0
0.633282 24.8395 24.8395 4 2 0
0.625046 25.2251 25.2251 4 2 0
0.616633 25.5961 25.5961 4 2 0
0.608093 25.9565 25.9565 4 2 0
0.599458 26.3081 26.3081 4 2 0
0.590752 26.6515 26.6515 4 2 0
0.58199 26.986 26.986 4 2 0
0.573187 27.309 27.309 4 2 0
0.564354 27.6165 27.6165 4 2 0
0.555505 27.9029 27.9029 4 2 0
0.546658 28.1612 28.1612 4 2 0
0.537835 28.3842 28.3842 4 2 0
0.529062 28.566 28.566 4 2 0
0.520373 28.7036 28.7036 4 2 0
0.511802 28.7972 28.7972 4 2 0
0.503379 28.8493 28.8493 4 2 0
0.495137 28.8635 28.8635 4 2 0
0.487103 28.8433 28.8433 4 2 0
0.479301 28.7919 28.7919 4 2 0
0.471755 28.712 28.712 4 2 0
0.464487 28.6057 28.6057 4 2 0
0.457516 28.475 28.475 4 2 0
