0 0 0 2 1 0
0.00160131 0 0 1 1 0
0.00211872 0 0 1 1 0
0.00265764 0 0 1 1 0
0.00310475 0 0 1 1 0
0.00349226 0 0 1 1 0
0.00384033 0 0 1 1 0
0.00415866 0 0 1 1 0
0.00445352 0 0 1 1 0
0.00472927 0 0 1 1 0
0.00498908 0 0 1 1 0
0.0052353 0 0 1 1 0
0.00546977 0 0 1 1 0
0.00569393 0 0 1 1 0
0.00590896 0 0 1 1 0
0.00611583 0 0 1 1 0
0.00631532 0 0 1 1 0
0.00650812 0 0 1 1 0
0.00669481 0 0 1 1 0
0.00687588 0 0 1 1 0
0.00705177 0 0 1 1 0
0.00722285 0 0 1 1 0
0.00738947 0 0 1 1 0
0.00755191 0 0 1 1 0
0.00771044 0 0 1 1 0
0.00786531 0 0 1 1 0
0.00801672 0 0 1 1 0
0.00816487 0 0 1 1 0
0.00830993 0 0 1 1 0
0.00845207 0 0 1 1 0
0.00859144 0 0 1 1 0
0.00872816 0 0 1 1 0
0.00886237 0 0 1 1 0
0.00899418 0 0 1 1 0
0.00912369 0 0 1 1 0
0.00925101 0 0 1 1 0
0.00937623 0 0 1 1 0
0.00949944 0 0 1 1 0
0.00962071 0 0 1 1 0
0.00974013 0 0 1 1 0
0.00985777 0 0 1 1 0
0.00997368 0 0 1 1 0
0.0100879 0 0 1 1 0
0.0102006 0 0 1 1 0
0.0103117 0 0 1 1 0
0.0104214 0 0 1 1 0
0.0105296 0 0 1 1 0
0.0106365 0 0 1 1 0
0.010742 0 0 1 1 0
0.0108462 0 0 1 1 0
0.0109491 0 0 1 1 0
0.0110509 0 0 1 1 0
0.0111515 0 0 1 1 0
0.0112509 0 0 1 1 0
0.0113493 0 0 1 1 0
0.0114466 0 0 1 1 0
0.0115429 0 0 1 1 0
0.0116382 0 0 1 1 0
0.0117325 0 0 1 1 0
0.0118259 0 0 1 1 0
0.0119183 0 0 1 1 0
0.0120099 314.989 314.989 1 1 0
0.0121007 111.149 111.149 1 1 0
0.0121906 82.7963 82.7963 1 1 0
0.0122798 69.8512 69.8512 1 1 0
0.0123682 62.2254 62.2254 1 1 0
0.0124558 57.1757 57.1757 1 1 0
0.0125427 53.6102 53.6102 1 1 0
0.0126289 50.9992 50.9992 1 1 0
0.0127144 49.0526 49.0526 1 1 0
0.0127993 47.5979 47.5979 1 1 0
0.0128835 46.5271 46.5271 1 1 0
0.0129671 45.7706 45.7706 1 1 0
0.0130502 45.2831 45.2831 1 1 0
0.0131326 45.0365 45.0365 1 1 0
0.0131482 45.0153 45.0153 1 1 0
0.01323 45.0359 45.0359 2 1 0
0.0133113 45.2768 45.2768 2 1 0
0.0133921 45.7444 45.7444 2 1 0
0.0134724 46.4559 46.4559 2 1 0
0.0135522 47.4408 47.4408 2 1 0
0.0136315 48.7452 48.7452 2 1 0
0.0137105 50.4393 50.4393 2 1 0
0.013789 52.6299 52.6299 2 1 0
0.0138671 55.4846 55.4846 2 1 0
0.0139448 59.2793 59.2793 2 1 0
0.0140221 64.5035 64.5035 2 1 0
0.0140991 72.1251 72.1251 2 1 0
0.0141758 84.4162 84.4162 2 1 0
0.0142521 108.642 108.642 2 1 0
0.0143282 198 198 2 1 0
0.0144039 198 198 2 1 0
0.0144794 198 198 2 1 0
0.0145546 198 198 2 1 0
0.0146296 198 198 2 1 0
0.0147044 198 198 2 1 0
0.0147789 198 198 2 1 0
0.0148532 198 198 2 1 0
0.0149274 198 198 2 1 0
0.0150014 198 198 2 1 0
0.0150752 198 198 2 1 0
0.0151489 198 198 2 1 0
0.0152225 198 198 2 1 0
0.0152959 198 198 2 1 0
0.0153692 198 198 2 1 0
0.0154425 198 198 2 1 0
0.0155157 198 198 2 1 0
0.0155888 198 198 2 1 0
0.0156619 198 198 2 1 0
0.0157349 198 198 2 1 0
0.0158079 198 198 2 1 0
0.0158809 198 198 2 1 0
0.0159539 198 198 2 1 0
0.0160269 198 198 2 1 0
0.0160999 198 198 2 1 0
0.016173 198 198 2 1 0
0.0162461 198 198 2 1 0
0.0163192 198 198 2 1 0
0.0163925 198 198 2 1 0
0.0164658 198 198 2 1 0
0.0165392 198 198 2 1 0
0.0166128 198 198 2 1 0
0.0166864 198 198 2 1 0
0.0167602 198 198 2 1 0
0.0168341 198 198 2 1 0
0.0169081 198 198 2 1 0
0.0169824 198 198 2 1 0
0.0170567 198 198 2 1 0
0.0171313 198 198 2 1 0
0.0172061 198 198 2 1 0
0.017281 198 198 2 1 0
0.0173562 198 198 2 1 0
0.0174316 198 198 2 1 0
0.0175072 198 198 2 1 0
0.017583 198 198 2 1 0
0.0176591 198 198 2 1 0
0.0177355 198 198 2 1 0
0.0178121 198 198 2 1 0
0.017889 198 198 2 1 0
0.0179662 198 198 2 1 0
0.0180437 198 198 2 1 0
0.0181214 198 198 2 1 0
0.0181995 198 198 2 1 0
0.0182779 198 198 2 1 0
0.0183566 198 198 2 1 0
0.0184357 198 198 2 1 0
0.0185151 198 198 2 1 0
0.0185948 198 198 2 1 0
0.018675 198 198 2 1 0
0.0187554 198 198 2 1 0
0.0188363 198 198 2 1 0
0.0189175 198 198 2 1 0
0.0189991 198 198 2 1 0
0.0190811 198 198 2 1 0
0.0191635 198 198 2 1 0
0.0192462 198 198 2 1 0
0.0193295 198 198 2 1 0
0.0194131 198 198 2 1 0
0.0194971 198 198 2 1 0
0.0195816 198 198 2 1 0
0.0196665 198 198 2 1 0
0.0197518 198 198 2 1 0
0.0198376 198 198 2 1 0
0.0199239 198 198 2 1 0
0.0200105 198 198 2 1 0
0.0200977 198 198 2 1 0
0.0201853 198 198 2 1 0
0.0202734 198 198 2 1 0
0.020362 198 198 2 1 0
0.020451 198 198 2 1 0
0.0205405 198 198 2 1 0
0.0206305 198 198 2 1 0
0.020721 198 198 2 1 0
0.020812 198 198 2 1 0
0.0209035 198 198 2 1 0
0.0209955 198 198 2 1 0
0.021088 198 198 2 1 0
0.021181 198 198 2 1 0
0.0212745 198 198 2 1 0
0.0213686 198 198 2 1 0
0.0214632 198 198 2 1 0
0.0215582 198 198 2 1 0
0.0216539 198 198 2 1 0
0.02175 198 198 2 1 0
0.0218467 198 198 2 1 0
0.0219439 198 198 2 1 0
0.0220416 198 198 2 1 0
0.0221399 198 198 2 1 0
0.0222388 198 198 2 1 0
0.0223382 198 198 2 1 0
0.0224381 198 198 2 1 0
0.0225386 198 198 2 1 0
0.0226397 198 198 2 1 0
0.0227413 198 198 2 1 0
0.0228434 198 198 2 1 0
0.0229462 198 198 2 1 0
0.0230495 198 198 2 1 0
0.0231534 198 198 2 1 0
0.0232579 198 198 2 1 0
0.0233629 198 198 2 1 0
0.0234686 198 198 2 1 0
0.0235748 198 198 2 1 0
0.0236816 198 198 2 1 0
0.023789 198 198 2 1 0
0.023897 198 198 2 1 0
0.0240056 198 198 2 1 0
0.0241149 198 198 2 1 0
0.0242247 198 198 2 1 0
0.0243352 198 198 2 1 0
0.0244463 198 198 2 1 0
0.024558 198 198 2 1 0
0.0246703 198 198 2 1 0
0.0247833 198 198 2 1 0
0.024897 198 198 2 1 0
0.0250113 198 198 2 1 0
0.0251262 198 198 2 1 0
0.0252419 198 198 2 1 0
0.0253582 198 198 2 1 0
0.0254751 198 198 2 1 0
0.0255928 198 198 2 1 0
0.0257112 198 198 2 1 0
0.0258303 198 198 2 1 0
0.0259501 198 198 2 1 0
0.0260706 198 198 2 1 0
0.0261918 198 198 2 1 0
0.0263139 198 198 2 1 0
0.0264366 198 198 2 1 0
0.0265601 198 198 2 1 0
0.0266844 198 198 2 1 0
0.0268096 198 198 2 1 0
0.0269355 198 198 2 1 0
0.0270622 198 198 2 1 0
0.0271897 198 198 2 1 0
0.0273181 198 198 2 1 0
0.0274474 198 198 2 1 0
0.0275775 198 198 2 1 0
0.0277086 198 198 2 1 0
0.0278405 198 198 2 1 0
0.0279734 198 198 2 1 0
0.0281072 198 198 2 1 0
0.0282419 198 198 2 1 0
0.0283777 198 198 2 1 0
0.0285144 198 198 2 1 0
0.0286522 198 198 2 1 0
0.028791 198 198 2 1 0
0.0289309 198 198 2 1 0
0.0290719 198 198 2 1 0
0.0292139 198 198 2 1 0
0.0293572 198 198 2 1 0
0.0295015 198 198 2 1 0
0.0296471 198 198 2 1 0
0.0297939 198 198 2 1 0
0.0299419 198 198 2 1 0
0.0300912 198 198 2 1 0
0.0302418 198 198 2 1 0
0.0303937 198 198 2 1 0
0.030547 198 198 2 1 0
0.0307017 198 198 2 1 0
0.0308579 198 198 2 1 0
0.0310155 198 198 2 1 0
0.0311746 198 198 2 1 0
0.0313352 198 198 2 1 0
0.0314975 198 198 2 1 0
0.0316614 198 198 2 1 0
0.0318269 198 198 2 1 0
0.0319941 198 198 2 1 0
0.0321631 198 198 2 1 0
0.0323339 198 198 2 1 0
0.0325066 198 198 2 1 0
0.0326812 198 198 2 1 0
0.0328577 198 198 2 1 0
0.0330362 198 198 2 1 0
0.0332168 198 198 2 1 0
0.0333995 198 198 2 1 0
0.0335843 198 198 2 1 0
0.0337715 198 198 2 1 0
0.0339609 198 198 2 1 0
0.0341527 198 198 2 1 0
0.0343469 198 198 2 1 0
0.0345436 198 198 2 1 0
0.034743 198 198 2 1 0
0.0349449 198 198 2 1 0
0.0351496 198 198 2 1 0
0.0353572 198 198 2 1 0
0.0355676 198 198 2 1 0
0.035781 198 198 2 1 0
0.0359975 198 198 2 1 0
0.0362172 198 198 2 1 0
0.0364402 198 198 2 1 0
0.0366665 198 198 2 1 0
0.0368963 198 198 2 1 0
0.0371298 198 198 2 1 0
0.0373669 198 198 2 1 0
0.0376079 198 198 2 1 0
0.0378528 198 198 2 1 0
0.0381019 198 198 2 1 0
0.0383551 198 198 2 1 0
0.0386128 198 198 2 1 0
0.0388749 198 198 2 1 0
0.0391417 198 198 2 1 0
0.0394134 198 198 2 1 0
0.0396901 198 198 2 1 0
0.039972 198 198 2 1 0
0.0402593 198 198 2 1 0
0.0405521 198 198 2 1 0
0.0408507 198 198 2 1 0
0.0411553 198 198 2 1 0
0.0414661 198 198 2 1 0
0.0417834 198 198 2 1 0
0.0421074 198 198 2 1 0
0.0424384 198 198 2 1 0
0.0427766 198 198 2 1 0
0.0431224 198 198 2 1 0
0.043476 198 198 2 1 0
0.0438378 198 198 2 1 0
0.0442081 198 198 2 1 0
0.0445873 198 198 2 1 0
0.0449758 198 198 2 1 0
0.0453739 198 198 2 1 0
0.0457822 198 198 2 1 0
0.046201 198 198 2 1 0
0.0466309 198 198 2 1 0
0.0470724 198 198 2 1 0
0.047526 198 198 2 1 0
0.0479923 198 198 2 1 0
0.048472 198 198 2 1 0
0.0489657 198 198 2 1 0
0.0494742 198 198 2 1 0
0.0499982 198 198 2 1 0
0.0505385 198 198 2 1 0
0.0510961 198 198 2 1 0
0.0516719 198 198 2 1 0
0.052267 198 198 2 1 0
0.0528824 198 198 2 1 0
0.0535194 198 198 2 1 0
0.0541793 198 198 2 1 0
0.0548635 198 198 2 1 0
0.0555736 198 198 2 1 0
0.0563112 198 198 2 1 0
0.0570782 198 198 2 1 0
0.0578767 198 198 2 1 0
0.0587088 198 198 2 1 0
0.059577 198 198 2 1 0
0.060484 198 198 2 1 0
0.0614327 198 198 2 1 0
0.0624264 198 198 2 1 0
0.0634689 198 198 2 1 0
0.0645641 198 198 2 1 0
0.0657167 44.8152 44.8152 2 1 0
0.0669317 31.207 31.207 2 1 0
0.068215 25.0958 25.0958 2 1 0
0.069573 21.4007 21.4007 2 1 0
0.0710131 18.8425 18.8425 2 1 0
0.0725436 16.9268 16.9268 2 1 0
0.0741743 15.4166 15.4166 2 1 0
0.0759158 14.1821 14.1821 2 1 0
0.0777809 13.1456 13.1456 2 1 0
0.0797841 12.2576 12.2576 2 1 0
0.0819423 11.4846 11.4846 2 1 0
0.0842749 10.8036 10.8036 2 1 0
0.0868046 10.1983 10.1983 2 1 0
0.0895575 9.65693 9.65693 2 1 0
0.0925641 9.17141 9.17141 2 1 0
0.0958593 8.73636 8.73636 2 1 0
0.0994829 8.34892 8.34892 2 1 0
0.103479 8.0088 8.0088 2 1 0
0.107511 7.74072 7.74072 1 1 0
0.112356 7.50179 7.50179 1 1 0
0.117714 7.32988 7.32988 1 1 0
0.123622 7.24512 7.24512 1 1 0
0.130101 7.28357 7.28357 1 1 0
0.137151 7.51531 7.51531 1 1 0
0.144742 8.10001 8.10001 1 1 0
0.152823 9.5232 9.5232 1 1 0
0.161323 14.7575 14.7575 1 1 0
0.170169 14.7575 14.7575 1 1 0
0.179288 14.7575 14.7575 1 1 0
0.188618 14.7575 14.7575 1 1 0
0.198108 14.7575 14.7575 1 1 0
0.207719 14.7575 14.7575 1 1 0
0.217421 14.7575 14.7575 1 1 0
0.22719 14.7575 14.7575 1 1 0
0.237011 14.7575 14.7575 1 1 0
0.24687 14.7575 14.7575 1 1 0
0.256759 14.7575 14.7575 1 1 0
0.266671 14.7575 14.7575 1 1 0
0.2766 14.7575 14.7575 1 1 0
0.286543 14.7575 14.7575 1 1 0
0.296497 14.7575 14.7575 1 1 0
0.306459 14.7575 14.7575 1 1 0
0.316428 14.7575 14.7575 1 1 0
0.326402 14.7575 14.7575 1 1 0
0.336381 14.7575 14.7575 1 1 0
0.346363 14.7575 14.7575 1 1 0
0.356347 14.7575 14.7575 1 1 0
0.366335 14.7575 14.7575 1 1 0
0.376324 14.7575 14.7575 1 1 0
0.386314 14.7575 14.7575 1 1 0
0.396307 14.7575 14.7575 1 1 0
0.4063 14.7575 14.7575 1 1 0
0.416294 14.7575 14.7575 1 1 0
0.426289 14.7575 14.7575 1 1 0
0.436284 14.7575 14.7575 1 1 0
0.44628 14.7575 14.7575 1 1 0
0.456277 14.7575 14.7575 1 1 0
0.466274 14.7575 14.7575 1 1 0
0.476271 14.7575 14.7575 1 1 0
0.486269 14.7575 14.7575 1 1 0
0.496267 14.7575 14.7575 1 1 0
0.506265 14.7575 14.7575 1 1 0
0.516264 14.7575 14.7575 1 1 0
0.526262 14.7575 14.7575 1 1 0
0.536261 14.7575 14.7575 1 1 0
0.54626 14.7575 14.7575 1 1 0
0.556259 14.7575 14.7575 1 1 0
0.566258 14.7575 14.7575 1 1 0
0.576257 14.7575 14.7575 1 1 0
0.586256 14.7575 14.7575 1 1 0
0.596256 14.7575 14.7575 1 1 0
0.606255 14.7575 14.7575 1 1 0
0.616254 14.7575 14.7575 1 1 0
0.626254 14.7575 14.7575 1 1 0
0.636253 14.7575 14.7575 1 1 0
0.646253 14.7575 14.7575 1 1 0
0.656253 14.7575 14.7575 1 1 0
0.666252 14.7575 14.7575 1 1 0
0.676252 14.7575 14.7575 1 1 0
0.686252 14.7575 14.7575 1 1 0
0.696252 14.7575 14.7575 1 1 0
0.706251 14.7575 14.7575 1 1 0
0.716251 14.7575 14.7575 1 1 0
0.726251 14.7575 14.7575 1 1 0
0.736251 14.7575 14.7575 1 1 0
0.74625 14.7575 14.7575 1 1 0
0.75625 14.7575 14.7575 1 1 0
0.76625 14.7575 14.7575 1 1 0
0.77625 14.7575 14.7575 1 1 0
0.78625 14.7575 14.7575 1 1 0
0.79625 14.7575 14.7575 1 1 0
0.80625 14.7575 14.7575 1 1 0
0.81625 14.7575 14.7575 1 1 0
0.826249 14.7575 14.7575 1 1 0
0.836249 14.7575 14.7575 1 1 0
0.846249 14.7575 14.7575 1 1 0
0.856249 14.7575 14.7575 1 1 0
0.866249 14.7575 14.7575 1 1 0
0.876249 14.7575 14.7575 1 1 0
0.886249 14.7575 14.7575 1 1 0
0.896249 14.7575 14.7575 1 1 0
0.906249 14.7575 14.7575 1 1 0
0.916249 14.7575 14.7575 1 1 0
0.926249 14.7575 14.7575 1 1 0
0.936249 14.7575 14.7575 1 1 0
0.946249 14.7575 14.7575 1 1 0
0.956249 14.7575 14.7575 1 1 0
0.966249 14.7575 14.7575 1 1 0
0.976249 14.7575 14.7575 1 1 0
0.986249 14.7575 14.7575 1 1 0
0.996249 14.7575 14.7575 1 1 0
1.00625 14.7575 14.7575 1 1 0
0.0131482 45.0153 45.0153 4 2 0
0.013152 46.4216 46.4216 3 2 0
0.0131606 50.1168 50.1168 3 2 0
0.0131699 55.0434 55.0434 3 2 0
0.013179 60.9326 60.9326 3 2 0
0.0131882 67.4135 67.4135 4 2 0
0.013198 74.1852 74.1852 4 2 0
0.0132088 81.1025 81.1025 4 2 0
0.0132211 88.2973 88.2973 4 2 0
0.0132335 94.9378 94.9378 4 2 0
0.0132462 101.112 101.112 4 2 0
0.013259 106.891 106.891 4 2 0
0.013272 112.328 112.328 4 2 0
0.0132852 117.465 117.465 4 2 0
0.0132986 122.337 122.337 4 2 0
0.0133124 126.967 126.967 4 2 0
0.0133264 131.378 131.378 4 2 0
0.0133408 135.583 135.583 4 2 0
0.0133556 139.594 139.594 4 2 0
0.013371 143.413 143.413 4 2 0
0.013387 147.037 147.037 4 2 0
0.0134037 150.452 150.452 4 2 0
0.0134213 153.623 153.623 4 2 0
0.01344 156.486 156.486 4 2 0
0.0134596 158.928 158.928 4 2 0
0.0134797 160.803 160.803 4 2 0
0.0134994 162.006 162.006 4 2 0
0.0135178 162.573 162.573 4 2 0
0.0135348 162.637 162.637 4 2 0
0.0135505 162.324 162.324 4 2 0
0.0135653 161.726 161.726 4 2 0
0.0135792 160.9 160.9 4 2 0
0.0135925 159.885 159.885 4 2 0
0.0136053 158.706 158.706 4 2 0
0.0136176 157.379 157.379 4 2 0
0.0136295 155.915 155.915 4 2 0
0.0136411 154.32 154.32 4 2 0
0.0136524 152.598 152.598 4 2 0
0.0136633 150.749 150.749 4 2 0
0.0136741 148.771 148.771 4 2 0
0.0136846 146.658 146.658 4 2 0
0.0136948 144.402 144.402 4 2 0
0.013705 141.986 141.986 4 2 0
0.0137153 139.38 139.38 4 2 0
0.0137267 136.524 136.524 4 2 0
0.0137416 133.302 133.302 3 2 0
0.0137665 129.512 129.512 3 2 0
0.013813 124.922 124.922 3 2 0
0.0138951 119.506 119.506 3 2 0
0.0140175 113.7 113.7 3 2 0
0.0141718 108.059 108.059 3 2 0
0.0143484 102.828 102.828 3 2 0
0.0145414 98.0336 98.0336 3 2 0
0.0147476 93.6389 93.6389 3 2 0
0.0149649 89.5981 89.5981 3 2 0
0.0151922 85.8684 85.8684 3 2 0
0.0154284 82.413 82.413 3 2 0
0.015673 79.2008 79.2008 3 2 0
0.0159255 76.2056 76.2056 3 2 0
0.0161855 73.4051 73.4051 3 2 0
0.0164526 70.7807 70.7807 3 2 0
0.0167267 68.3159 68.3159 3 2 0
0.0170075 65.9968 65.9968 3 2 0
0.0172947 63.8111 63.8111 3 2 0
0.0175881 61.7481 61.7481 3 2 0
0.0178876 59.798 59.798 3 2 0
0.018193 57.9523 57.9523 3 2 0
0.0185041 56.2035 56.2035 3 2 0
0.0188207 54.5446 54.5446 3 2 0
0.0191427 52.9693 52.9693 3 2 0
0.01947 51.4719 51.4719 3 2 0
0.0198024 50.0473 50.0473 3 2 0
0.0201398 48.6906 48.6906 3 2 0
0.0204821 47.3976 47.3976 3 2 0
0.0208291 46.1643 46.1643 3 2 0
0.0211807 44.9869 44.9869 3 2 0
0.0215369 43.862 43.862 3 2 0
0.0218975 42.7865 42.7865 3 2 0
0.0222624 41.7574 41.7574 3 2 0
0.0226316 40.7722 40.7722 3 2 0
0.023005 39.8282 39.8282 3 2 0
0.0233825 38.9231 38.9231 3 2 0
0.023764 38.0548 38.0548 3 2 0
0.0241494 37.2213 37.2213 3 2 0
0.0245388 36.4206 36.4206 3 2 0
0.024932 35.651 35.651 3 2 0
0.025329 34.911 34.911 3 2 0
0.0257297 34.1989 34.1989 3 2 0
0.026134 33.5133 33.5133 3 2 0
0.026542 32.8529 32.8529 3 2 0
0.0269535 32.2165 32.2165 3 2 0
0.0273686 31.6028 31.6028 3 2 0
0.0277871 31.0108 31.0108 3 2 0
0.0282091 30.4395 30.4395 3 2 0
0.0286344 29.8878 29.8878 3 2 0
0.0290631 29.3549 29.3549 3 2 0
0.0294952 28.84 28.84 3 2 0
0.0299304 28.3421 28.3421 3 2 0
0.0303689 27.8606 27.8606 3 2 0
0.0308106 27.3947 27.3947 3 2 0
0.0312555 26.9438 26.9438 3 2 0
0.0317034 26.5072 26.5072 3 2 0
0.0321544 26.0844 26.0844 3 2 0
0.0326084 25.6747 25.6747 3 2 0
0.0330654 25.2776 25.2776 3 2 0
0.0335254 24.8927 24.8927 3 2 0
0.0339883 24.5194 24.5194 3 2 0
0.034454 24.1573 24.1573 3 2 0
0.0349226 23.8059 23.8059 3 2 0
0.0353939 23.4649 23.4649 3 2 0
0.0358679 23.1339 23.1339 3 2 0
0.0363447 22.8124 22.8124 3 2 0
0.0368241 22.5002 22.5002 3 2 0
0.0373061 22.1969 22.1969 3 2 0
0.0377906 21.9022 21.9022 3 2 0
0.0382776 21.6158 21.6158 3 2 0
0.0387671 21.3375 21.3375 3 2 0
0.039259 21.0668 21.0668 3 2 0
0.0397532 20.8037 20.8037 3 2 0
0.0402497 20.5477 20.5477 3 2 0
0.0407484 20.2988 20.2988 3 2 0
0.0412494 20.0567 20.0567 3 2 0
0.0417524 19.8211 19.8211 3 2 0
0.0422575 19.5918 19.5918 3 2 0
0.0427646 19.3687 19.3687 3 2 0
0.0432737 19.1516 19.1516 3 2 0
0.0437846 18.9403 18.9403 3 2 0
0.0442973 18.7346 18.7346 3 2 0
0.0448118 18.5343 18.5343 3 2 0
0.0453279 18.3394 18.3394 3 2 0
0.0458457 18.1496 18.1496 3 2 0
0.0463649 17.9648 17.9648 3 2 0
0.0468856 17.7849 17.7849 3 2 0
0.0474077 17.6097 17.6097 3 2 0
0.0479312 17.4391 17.4391 3 2 0
0.0484558 17.273 17.273 3 2 0
0.0489815 17.1113 17.1113 3 2 0
0.0495084 16.9538 16.9538 3 2 0
0.0500362 16.8005 16.8005 3 2 0
0.0505649 16.6512 16.6512 3 2 0
0.0510943 16.5059 16.5059 3 2 0
0.0516245 16.3644 16.3644 3 2 0
0.0521553 16.2267 16.2267 3 2 0
0.0526867 16.0927 16.0927 3 2 0
0.0532184 15.9622 15.9622 3 2 0
0.0537505 15.8353 15.8353 3 2 0
0.0542828 15.7117 15.7117 3 2 0
0.0548152 15.5916 15.5916 3 2 0
0.0553476 15.4747 15.4747 3 2 0
0.05588 15.361 15.361 3 2 0
0.0564121 15.2505 15.2505 3 2 0
0.0569439 15.143 15.143 3 2 0
0.0574753 15.0386 15.0386 3 2 0
0.0580062 14.9371 14.9371 3 2 0
0.0585365 14.8385 14.8385 3 2 0
0.0590659 14.7428 14.7428 3 2 0
0.0595945 14.6498 14.6498 3 2 0
0.060122 14.5596 14.5596 3 2 0
0.0606485 14.472 14.472 3 2 0
0.0611736 14.3871 14.3871 3 2 0
0.0616974 14.3048 14.3048 3 2 0
0.0622197 14.2251 14.2251 3 2 0
0.0627403 14.1478 14.1478 3 2 0
0.0632591 14.073 14.073 3 2 0
0.0637761 14.0006 14.0006 3 2 0
0.064291 13.9306 13.9306 3 2 0
0.0648037 13.8629 13.8629 3 2 0
0.0653141 13.7975 13.7975 3 2 0
0.0658221 13.7344 13.7344 3 2 0
0.0663274 13.6735 13.6735 3 2 0
0.0668301 13.6148 13.6148 3 2 0
0.0673298 13.5583 13.5583 3 2 0
0.0678266 13.5039 13.5039 3 2 0
0.0683202 13.4516 13.4516 3 2 0
0.0688105 13.4014 13.4014 3 2 0
0.0692975 13.3532 13.3532 3 2 0
0.0697808 13.307 13.307 3 2 0
0.0702605 13.2627 13.2627 3 2 0
0.0707363 13.2204 13.2204 3 2 0
0.0712082 13.18 13.18 3 2 0
0.071676 13.1415 13.1415 3 2 0
0.0721395 13.1048 13.1048 3 2 0
0.0725988 13.0699 13.0699 3 2 0
0.0730535 13.0368 13.0368 3 2 0
0.0735038 13.0055 13.0055 3 2 0
0.0739493 12.9758 12.9758 3 2 0
0.0743901 12.9478 12.9478 3 2 0
0.074826 12.9214 12.9214 3 2 0
0.075257 12.8965 12.8965 3 2 0
0.075683 12.8732 12.8732 3 2 0
0.0761039 12.8514 12.8514 3 2 0
0.0765197 12.831 12.831 3 2 0
0.0769304 12.812 12.812 3 2 0
0.0773359 12.7943 12.7943 3 2 0
0.0777363 12.7778 12.7778 3 2 0
0.0781315 12.7626 12.7626 3 2 0
0.0785216 12.7484 12.7484 3 2 0
0.0789067 12.7354 12.7354 3 2 0
0.0792868 12.7233 12.7233 3 2 0
0.079662 12.7121 12.7121 3 2 0
0.0800324 12.7017 12.7017 3 2 0
0.0803983 12.6921 12.6921 3 2 0
0.0807596 12.6831 12.6831 3 2 0
0.0811167 12.6747 12.6747 3 2 0
0.0814697 12.6668 12.6668 3 2 0
0.0818187 12.6593 12.6593 3 2 0
0.0821642 12.6521 12.6521 3 2 0
0.0825062 12.6452 12.6452 3 2 0
0.082845 12.6384 12.6384 3 2 0
0.0831809 12.6317 12.6317 3 2 0
0.0835141 12.6251 12.6251 3 2 0
0.083845 12.6184 12.6184 3 2 0
0.0841738 12.6117 12.6117 3 2 0
0.0845007 12.6048 12.6048 3 2 0
0.0848261 12.5978 12.5978 3 2 0
0.0851282 12.591 12.591 3 2 0
0.0854513 12.5836 12.5836 4 2 0
0.0857735 12.5759 12.5759 4 2 0
0.0860952 12.5679 12.5679 4 2 0
0.0864165 12.5597 12.5597 4 2 0
0.0867377 12.5513 12.5513 4 2 0
0.0870589 12.5425 12.5425 4 2 0
0.0873805 12.5335 12.5335 4 2 0
0.0877025 12.5243 12.5243 4 2 0
0.0880252 12.5148 12.5148 4 2 0
0.0883487 12.5051 12.5051 4 2 0
0.0886732 12.4953 12.4953 4 2 0
0.0889988 12.4852 12.4852 4 2 0
0.0893257 12.475 12.475 4 2 0
0.089654 12.4647 12.4647 4 2 0
0.0899839 12.4542 12.4542 4 2 0
0.0903154 12.4437 12.4437 4 2 0
0.0906487 12.4331 12.4331 4 2 0
0.0909839 12.4224 12.4224 4 2 0
0.091321 12.4117 12.4117 4 2 0
0.0916603 12.401 12.401 4 2 0
0.0920017 12.3904 12.3904 4 2 0
0.0923454 12.3797 12.3797 4 2 0
0.0926914 12.3691 12.3691 4 2 0
0.0930399 12.3586 12.3586 4 2 0
0.0933908 12.3482 12.3482 4 2 0
0.0937443 12.3379 12.3379 4 2 0
0.0941004 12.3277 12.3277 4 2 0
0.0944593 12.3177 12.3177 4 2 0
0.0948209 12.3078 12.3078 4 2 0
0.0951853 12.298 12.298 4 2 0
0.0955526 12.2885 12.2885 4 2 0
0.0959229 12.2791 12.2791 4 2 0
0.0962961 12.27 12.27 4 2 0
0.0966723 12.261 12.261 4 2 0
0.0970517 12.2523 12.2523 4 2 0
0.0974341 12.2439 12.2439 4 2 0
0.0978197 12.2356 12.2356 4 2 0
0.0982086 12.2277 12.2277 4 2 0
0.0986006 12.22 12.22 4 2 0
0.098996 12.2126 12.2126 4 2 0
0.0993946 12.2054 12.2054 4 2 0
0.0997966 12.1986 12.1986 4 2 0
0.100202 12.1921 12.1921 4 2 0
0.100611 12.1859 12.1859 4 2 0
0.101023 12.18 12.18 4 2 0
0.101438 12.1745 12.1745 4 2 0
0.101857 12.1693 12.1693 4 2 0
0.10228 12.1645 12.1645 4 2 0
0.102706 12.16 12.16 4 2 0
0.103135 12.1559 12.1559 4 2 0
0.103568 12.1522 12.1522 4 2 0
0.104004 12.1489 12.1489 4 2 0
0.104443 12.146 12.146 4 2 0
0.104886 12.1436 12.1436 4 2 0
0.105333 12.1416 12.1416 4 2 0
0.105782 12.14 12.14 4 2 0
0.106235 12.1389 12.1389 4 2 0
0.106692 12.1383 12.1383 4 2 0
0.107151 12.1382 12.1382 4 2 0
0.107614 12.1386 12.1386 4 2 0
0.108079 12.1395 12.1395 4 2 0
0.108548 12.141 12.141 4 2 0
0.10902 12.143 12.143 4 2 0
0.109494 12.1457 12.1457 4 2 0
0.109971 12.1489 12.1489 4 2 0
0.110451 12.1528 12.1528 4 2 0
0.110933 12.1574 12.1574 4 2 0
0.111417 12.1627 12.1627 4 2 0
0.111904 12.1687 12.1687 4 2 0
0.112392 12.1754 12.1754 4 2 0
0.112883 12.1829 12.1829 4 2 0
0.113375 12.1913 12.1913 4 2 0
0.113868 12.2005 12.2005 4 2 0
0.114362 12.2106 12.2106 4 2 0
0.114857 12.2216 12.2216 4 2 0
0.115353 12.2336 12.2336 4 2 0
0.115849 12.2467 12.2467 4 2 0
0.116345 12.2608 12.2608 4 2 0
0.116841 12.2761 12.2761 4 2 0
0.117335 12.2925 12.2925 4 2 0
0.117829 12.3102 12.3102 4 2 0
0.118321 12.3292 12.3292 4 2 0
0.118812 12.3495 12.3495 4 2 0
0.1193 12.3713 12.3713 4 2 0
0.119785 12.3946 12.3946 4 2 0
0.120267 12.4195 12.4195 4 2 0
0.120746 12.446 12.446 4 2 0
0.12122 12.4743 12.4743 4 2 0
0.121689 12.5044 12.5044 4 2 0
0.122153 12.5364 12.5364 4 2 0
0.122612 12.5703 12.5703 4 2 0
0.123065 12.6064 12.6064 4 2 0
0.123511 12.6446 12.6446 4 2 0
0.12395 12.6851 12.6851 4 2 0
0.124381 12.7279 12.7279 4 2 0
0.124805 12.7732 12.7732 4 2 0
0.125221 12.821 12.821 4 2 0
0.125629 12.8714 12.8714 4 2 0
0.126028 12.9245 12.9245 4 2 0
0.126419 12.9804 12.9804 4 2 0
0.126802 13.0391 13.0391 4 2 0
0.127177 13.1006 13.1006 4 2 0
0.127544 13.1651 13.1651 4 2 0
0.127905 13.2326 13.2326 4 2 0
0.128259 13.3029 13.3029 4 2 0
0.128608 13.3762 13.3762 4 2 0
0.128953 13.4524 13.4524 4 2 0
0.129297 13.5313 13.5313 4 2 0
0.129639 13.6129 13.6129 4 2 0
0.129984 13.697 13.697 4 2 0
0.130333 13.7833 13.7833 4 2 0
0.130689 13.8716 13.8716 4 2 0
0.131055 13.9616 13.9616 4 2 0
0.131435 14.0527 14.0527 4 2 0
0.131833 14.1445 14.1445 4 2 0
0.132252 14.2363 14.2363 4 2 0
0.132697 14.3274 14.3274 4 2 0
0.133171 14.417 14.417 4 2 0
0.13368 14.5041 14.5041 4 2 0
0.133861 14.5328 14.5328 4 2 0
0.134422 14.6146 14.6146 4 2 0
0.135024 14.6908 14.6908 4 2 0
0.135671 14.76 14.76 4 2 0
0.136362 14.8203 14.8203 4 2 0
0.137095 14.8699 14.8699 4 2 0
0.137863 14.9066 14.9066 4 2 0
0.138654 14.9281 14.9281 4 2 0
0.139452 14.9321 14.9321 4 2 0
0.140231 14.9161 14.9161 4 2 0
0.140955 14.8777 14.8777 4 2 0
0.141581 14.8145 14.8145 4 2 0
0.142053 14.7244 14.7244 4 2 0
0.14231 14.6054 14.6054 4 2 0
0.142338 14.5438 14.5438 4 2 0
0.142176 14.3809 14.3809 4 2 0
0.141657 14.1859 14.1859 4 2 0
0.140751 13.9593 13.9593 4 2 0
0.139454 13.7019 13.7019 4 2 0
0.137796 13.4155 13.4155 4 2 0
0.13583 13.1026 13.1026 4 2 0
0.133625 12.7659 12.7659 4 2 0
0.131254 12.4083 12.4083 4 2 0
0.128785 12.0327 12.0327 4 2 0
0.12628 11.6417 11.6417 4 2 0
0.123791 11.2381 11.2381 4 2 0
0.12136 10.8247 10.8247 4 2 0
0.119022 10.4046 10.4046 4 2 0
0.116807 9.98134 9.98134 4 2 0
0.11474 9.55919 9.55919 4 2 0
0.112845 9.1433 9.1433 4 2 0
0.11114 8.74017 8.74017 4 2 0
0.109648 8.35886 8.35886 4 2 0
0.108407 8.01583 8.01583 4 2 0
0.107562 7.765 7.765 4 2 0
0.107491 7.74335 7.74335 3 2 0
0.107512 7.7496 7.7496 4 2 0
0.107517 7.75125 7.75125 4 2 0
0.107877 7.86043 7.86043 4 2 0
0.108585 8.06663 8.06663 4 2 0
0.109531 8.32746 8.32746 4 2 0
0.11073 8.63822 8.63822 4 2 0
0.112219 8.99884 8.99884 4 2 0
0.11405 9.41131 9.41131 4 2 0
0.11606 9.83202 9.83202 4 2 0
0.118225 10.2554 10.2554 4 2 0
0.120523 10.677 10.677 4 2 0
0.122924 11.0931 11.0931 4 2 0
0.125397 11.5004 11.5004 4 2 0
0.127901 11.8961 11.8961 4 2 0
0.130388 12.2774 12.2774 4 2 0
0.132801 12.6415 12.6415 4 2 0
0.135072 12.9858 12.9858 4 2 0
0.13713 13.3074 13.3074 4 2 0
0.138904 13.6034 13.6034 4 2 0
0.140334 13.8713 13.8713 4 2 0
0.141381 14.1091 14.1091 4 2 0
0.142035 14.3154 14.3154 4 2 0
0.142319 14.4899 14.4899 4 2 0
0.142338 14.5438 14.5438 3 2 0
0.142196 14.6759 14.6759 4 2 0
0.14181 14.7785 14.7785 4 2 0
0.141244 14.8532 14.8532 4 2 0
0.140557 14.9022 14.9022 4 2 0
0.139797 14.9277 14.9277 4 2 0
0.139004 14.9321 14.9321 4 2 0
0.138207 14.918 14.918 4 2 0
0.137427 14.8877 14.8877 4 2 0
0.136678 14.8435 14.8435 4 2 0
0.135968 14.7876 14.7876 4 2 0
0.135302 14.722 14.722 4 2 0
0.13468 14.6487 14.6487 4 2 0
0.134101 14.5691 14.5691 4 2 0
0.133863 14.5331 14.5331 4 2 0
0.133342 14.4472 14.4472 4 2 0
0.132856 14.3584 14.3584 4 2 0
0.132401 14.2676 14.2676 4 2 0
0.131974 14.176 14.176 4 2 0
0.131569 14.0841 14.0841 4 2 0
0.131184 13.9927 13.9927 4 2 0
0.130813 13.9023 13.9023 4 2 0
0.130454 13.8134 13.8134 4 2 0
0.130103 13.7263 13.7263 4 2 0
0.129757 13.6415 13.6415 4 2 0
0.129414 13.559 13.559 4 2 0
0.129071 13.4791 13.4791 4 2 0
0.128727 13.402 13.402 4 2 0
0.128379 13.3277 13.3277 4 2 0
0.128027 13.2563 13.2563 4 2 0
0.127668 13.1879 13.1879 4 2 0
0.127304 13.1224 13.1224 4 2 0
0.126931 13.0598 13.0598 4 2 0
0.126551 13.0001 13.0001 4 2 0
0.126163 12.9433 12.9433 4 2 0
0.125767 12.8893 12.8893 4 2 0
0.125362 12.838 12.838 4 2 0
0.124949 12.7893 12.7893 4 2 0
0.124527 12.7431 12.7431 4 2 0
0.124098 12.6995 12.6995 4 2 0
0.123662 12.6582 12.6582 4 2 0
0.123218 12.6192 12.6192 4 2 0
0.122768 12.5825 12.5825 4 2 0
0.122311 12.5478 12.5478 4 2 0
0.121849 12.5151 12.5151 4 2 0
0.121381 12.4844 12.4844 4 2 0
0.120908 12.4555 12.4555 4 2 0
0.120432 12.4284 12.4284 4 2 0
0.119951 12.403 12.403 4 2 0
0.119467 12.3791 12.3791 4 2 0
0.118979 12.3568 12.3568 4 2 0
0.11849 12.336 12.336 4 2 0
0.117998 12.3166 12.3166 4 2 0
0.117505 12.2984 12.2984 4 2 0
0.11701 12.2816 12.2816 4 2 0
0.116515 12.2659 12.2659 4 2 0
0.116019 12.2514 12.2514 4 2 0
0.115523 12.238 12.238 4 2 0
0.115027 12.2256 12.2256 4 2 0
0.114532 12.2143 12.2143 4 2 0
0.114037 12.2038 12.2038 4 2 0
0.113543 12.1943 12.1943 4 2 0
0.113051 12.1857 12.1857 4 2 0
0.11256 12.1779 12.1779 4 2 0
0.112071 12.1709 12.1709 4 2 0
0.111584 12.1646 12.1646 4 2 0
0.111099 12.1591 12.1591 4 2 0
0.110616 12.1543 12.1543 4 2 0
0.110135 12.1502 12.1502 4 2 0
0.109657 12.1467 12.1467 4 2 0
0.109182 12.1439 12.1439 4 2 0
0.108709 12.1416 12.1416 4 2 0
0.10824 12.1399 12.1399 4 2 0
0.107773 12.1388 12.1388 4 2 0
0.107309 12.1382 12.1382 4 2 0
0.106849 12.1382 12.1382 4 2 0
0.106391 12.1386 12.1386 4 2 0
0.105937 12.1396 12.1396 4 2 0
0.105486 12.141 12.141 4 2 0
0.105039 12.1428 12.1428 4 2 0
0.104595 12.1451 12.1451 4 2 0
0.104154 12.1479 12.1479 4 2 0
0.103717 12.151 12.151 4 2 0
0.103283 12.1546 12.1546 4 2 0
0.102852 12.1585 12.1585 4 2 0
0.102425 12.1629 12.1629 4 2 0
0.102002 12.1676 12.1676 4 2 0
0.101582 12.1727 12.1727 4 2 0
0.101165 12.1781 12.1781 4 2 0
0.100752 12.1838 12.1838 4 2 0
0.100342 12.1899 12.1899 4 2 0
0.0999351 12.1963 12.1963 4 2 0
0.099532 12.2031 12.2031 4 2 0
0.0991322 12.2101 12.2101 4 2 0
0.0987357 12.2174 12.2174 4 2 0
0.0983425 12.225 12.225 4 2 0
0.0979526 12.2329 12.2329 4 2 0
0.0975659 12.241 12.241 4 2 0
0.0971823 12.2494 12.2494 4 2 0
0.0968019 12.258 12.258 4 2 0
0.0964246 12.2669 12.2669 4 2 0
0.0960504 12.276 12.276 4 2 0
0.0956791 12.2853 12.2853 4 2 0
0.0953108 12.2947 12.2947 4 2 0
0.0949454 12.3044 12.3044 4 2 0
0.0945829 12.3143 12.3143 4 2 0
0.0942231 12.3243 12.3243 4 2 0
