0 0.0370591 0.0370591 2 1 0
0.01 0.0370564 0.0370564 1 1 0
0.02 0.037055 0.037055 1 1 0
0.03 0.0370546 0.0370546 1 1 0
0.04 0.0370555 0.0370555 1 1 0
0.05 0.0370575 0.0370575 1 1 0
0.06 0.0370606 0.0370606 1 1 0
0.07 0.037065 0.037065 1 1 0
0.08 0.0370705 0.0370705 1 1 0
0.09 0.0370771 0.0370771 1 1 0
0.1 0.0370849 0.0370849 1 1 0
0.11 0.0370939 0.0370939 1 1 0
0.12 0.037104 0.037104 1 1 0
0.13 0.0371153 0.0371153 1 1 0
0.14 0.0371278 0.0371278 1 1 0
0.15 0.0371414 0.0371414 1 1 0
0.16 0.0371561 0.0371561 1 1 0
0.17 0.037172 0.037172 1 1 0
0.18 0.0371891 0.0371891 1 1 0
0.19 0.0372073 0.0372073 1 1 0
0.199999 0.0372266 0.0372266 1 1 0
0.209999 0.0372471 0.0372471 1 1 0
0.219999 0.0372687 0.0372687 1 1 0
0.229999 0.0372915 0.0372915 1 1 0
0.239999 0.0373154 0.0373154 1 1 0
0.249999 0.0373404 0.0373404 1 1 0
0.259999 0.0373666 0.0373666 1 1 0
0.269998 0.0373938 0.0373938 1 1 0
0.279998 0.0374222 0.0374222 1 1 0
0.289998 0.0374517 0.0374517 1 1 0
0.299998 0.0374823 0.0374823 1 1 0
0.309998 0.037514 0.037514 1 1 0
0.319997 0.0375469 0.0375469 1 1 0
0.329997 0.0375808 0.0375808 1 1 0
0.339997 0.0376158 0.0376158 1 1 0
0.349996 0.0376519 0.0376519 1 1 0
0.359996 0.0376891 0.0376891 1 1 0
0.369996 0.0377273 0.0377273 1 1 0
0.379995 0.0377666 0.0377666 1 1 0
0.389995 0.037807 0.037807 1 1 0
0.399994 0.0378485 0.0378485 1 1 0
0.409994 0.037891 0.037891 1 1 0
0.419993 0.0379346 0.0379346 1 1 0
0.429993 0.0379792 0.0379792 1 1 0
0.439992 0.0380248 0.0380248 1 1 0
0.449992 0.0380715 0.0380715 1 1 0
0.459991 0.0381192 0.0381192 1 1 0
0.46999 0.0381679 0.0381679 1 1 0
0.47999 0.0382177 0.0382177 1 1 0
0.489989 0.0382684 0.0382684 1 1 0
0.499988 0.0383202 0.0383202 1 1 0
0.509987 0.0383729 0.0383729 1 1 0
0.519986 0.0384266 0.0384266 1 1 0
0.529986 0.0384813 0.0384813 1 1 0
0.539985 0.038537 0.038537 1 1 0
0.549984 0.0385937 0.0385937 1 1 0
0.559983 0.0386513 0.0386513 1 1 0
0.569982 0.0387098 0.0387098 1 1 0
0.579981 0.0387693 0.0387693 1 1 0
0.58998 0.0388298 0.0388298 1 1 0
0.599978 0.0388912 0.0388912 1 1 0
0.609977 0.0389534 0.0389534 1 1 0
0.619976 0.0390167 0.0390167 1 1 0
0.629975 0.0390808 0.0390808 1 1 0
0.639973 0.0391458 0.0391458 1 1 0
0.649972 0.0392117 0.0392117 1 1 0
0.659971 0.0392786 0.0392786 1 1 0
0.669969 0.0393462 0.0393462 1 1 0
0.679968 0.0394148 0.0394148 1 1 0
0.689966 0.0394842 0.0394842 1 1 0
0.699964 0.0395545 0.0395545 1 1 0
0.709963 0.0396256 0.0396256 1 1 0
0.719961 0.0396976 0.0396976 1 1 0
0.729959 0.0397704 0.0397704 1 1 0
0.739957 0.0398441 0.0398441 1 1 0
0.749955 0.0399185 0.0399185 1 1 0
0.759953 0.0399938 0.0399938 1 1 0
0.769951 0.0400699 0.0400699 1 1 0
0.779949 0.0401467 0.0401467 1 1 0
0.789947 0.0402244 0.0402244 1 1 0
0.799945 0.0403028 0.0403028 1 1 0
0.809943 0.0403821 0.0403821 1 1 0
0.81994 0.040462 0.040462 1 1 0
0.829938 0.0405428 0.0405428 1 1 0
0.839935 0.0406243 0.0406243 1 1 0
0.849933 0.0407065 0.0407065 1 1 0
0.85993 0.0407895 0.0407895 1 1 0
0.869927 0.0408732 0.0408732 1 1 0
0.879925 0.0409577 0.0409577 1 1 0
0.889922 0.0410428 0.0410428 1 1 0
0.899919 0.0411287 0.0411287 1 1 0
0.909916 0.0412152 0.0412152 1 1 0
0.919913 0.0413025 0.0413025 1 1 0
0.92991 0.0413905 0.0413905 1 1 0
0.939906 0.0414791 0.0414791 1 1 0
0.949903 0.0415684 0.0415684 1 1 0
0.9599 0.0416584 0.0416584 1 1 0
0.969896 0.041749 0.041749 1 1 0
0.979893 0.0418403 0.0418403 1 1 0
0.989889 0.0419323 0.0419323 1 1 0
0.999885 0.0420249 0.0420249 1 1 0
1.00988 0.0421181 0.0421181 1 1 0
1.01988 0.042212 0.042212 1 1 0
1.02987 0.0423065 0.0423065 1 1 0
1.03987 0.0424016 0.0424016 1 1 0
1.04986 0.0424974 0.0424974 1 1 0
1.05986 0.0425937 0.0425937 1 1 0
1.06986 0.0426907 0.0426907 1 1 0
1.07985 0.0427882 0.0427882 1 1 0
1.08985 0.0428864 0.0428864 1 1 0
1.09984 0.0429851 0.0429851 1 1 0
1.10984 0.0430845 0.0430845 1 1 0
1.11983 0.0431844 0.0431844 1 1 0
1.12983 0.0432849 0.0432849 1 1 0
1.13982 0.043386 0.043386 1 1 0
1.14982 0.0434876 0.0434876 1 1 0
1.15981 0.0435899 0.0435899 1 1 0
1.1698 0.0436926 0.0436926 1 1 0
1.1798 0.043796 0.043796 1 1 0
1.18979 0.0438999 0.0438999 1 1 0
1.19979 0.0440044 0.0440044 1 1 0
1.20978 0.0441094 0.0441094 1 1 0
1.21977 0.0442149 0.0442149 1 1 0
1.22977 0.044321 0.044321 1 1 0
1.23976 0.0444277 0.0444277 1 1 0
1.24976 0.0445349 0.0445349 1 1 0
1.25975 0.0446427 0.0446427 1 1 0
1.26974 0.044751 0.044751 1 1 0
1.27973 0.0448598 0.0448598 1 1 0
1.28973 0.0449692 0.0449692 1 1 0
1.29972 0.0450791 0.0450791 1 1 0
1.30971 0.0451896 0.0451896 1 1 0
1.3197 0.0453006 0.0453006 1 1 0
1.3297 0.0454121 0.0454121 1 1 0
1.33969 0.0455242 0.0455242 1 1 0
1.34968 0.0456368 0.0456368 1 1 0
1.35967 0.04575 0.04575 1 1 0
1.36966 0.0458637 0.0458637 1 1 0
1.37965 0.045978 0.045978 1 1 0
1.38964 0.0460928 0.0460928 1 1 0
1.39963 0.0462082 0.0462082 1 1 0
1.40962 0.0463241 0.0463241 1 1 0
1.41962 0.0464406 0.0464406 1 1 0
1.42961 0.0465577 0.0465577 1 1 0
1.43959 0.0466753 0.0466753 1 1 0
1.44958 0.0467935 0.0467935 1 1 0
1.45957 0.0469123 0.0469123 1 1 0
1.46956 0.0470317 0.0470317 1 1 0
1.47955 0.0471516 0.0471516 1 1 0
1.48954 0.0472722 0.0472722 1 1 0
1.49953 0.0473933 0.0473933 1 1 0
1.50952 0.0475151 0.0475151 1 1 0
1.5195 0.0476375 0.0476375 1 1 0
1.52949 0.0477605 0.0477605 1 1 0
1.53948 0.0478841 0.0478841 1 1 0
1.54947 0.0480084 0.0480084 1 1 0
1.55945 0.0481333 0.0481333 1 1 0
1.56944 0.0482589 0.0482589 1 1 0
1.57943 0.0483852 0.0483852 1 1 0
1.58941 0.0485121 0.0485121 1 1 0
1.5994 0.0486398 0.0486398 1 1 0
1.60938 0.0487681 0.0487681 1 1 0
1.61937 0.0488972 0.0488972 1 1 0
1.62935 0.049027 0.049027 1 1 0
1.63933 0.0491575 0.0491575 1 1 0
1.64932 0.0492888 0.0492888 1 1 0
1.6593 0.0494209 0.0494209 1 1 0
1.66928 0.0495538 0.0495538 1 1 0
1.67927 0.0496874 0.0496874 1 1 0
1.68925 0.0498219 0.0498219 1 1 0
1.69923 0.0499573 0.0499573 1 1 0
1.70921 0.0500935 0.0500935 1 1 0
1.71919 0.0502306 0.0502306 1 1 0
1.72917 0.0503686 0.0503686 1 1 0
1.73915 0.0505075 0.0505075 1 1 0
1.74913 0.0506474 0.0506474 1 1 0
1.7591 0.0507882 0.0507882 1 1 0
1.76908 0.0509301 0.0509301 1 1 0
1.77906 0.0510729 0.0510729 1 1 0
1.78903 0.0512168 0.0512168 1 1 0
1.79901 0.0513618 0.0513618 1 1 0
1.80899 0.0515079 0.0515079 1 1 0
1.81896 0.0516551 0.0516551 1 1 0
1.82893 0.0518035 0.0518035 1 1 0
1.8389 0.0519531 0.0519531 1 1 0
1.84888 0.052104 0.052104 1 1 0
1.85885 0.0522561 0.0522561 1 1 0
1.86882 0.0524095 0.0524095 1 1 0
1.87879 0.0525642 0.0525642 1 1 0
1.88875 0.0527204 0.0527204 1 1 0
1.89872 0.052878 0.052878 1 1 0
1.90869 0.053037 0.053037 1 1 0
1.91865 0.0531976 0.0531976 1 1 0
1.92861 0.0533598 0.0533598 1 1 0
1.93857 0.0535236 0.0535236 1 1 0
1.94854 0.0536891 0.0536891 1 1 0
1.95849 0.0538564 0.0538564 1 1 0
1.96845 0.0540254 0.0540254 1 1 0
1.97841 0.0541963 0.0541963 1 1 0
1.98836 0.0543692 0.0543692 1 1 0
1.99832 0.0545441 0.0545441 1 1 0
2.00827 0.0547211 0.0547211 1 1 0
2.01822 0.0549003 0.0549003 1 1 0
2.02816 0.0550817 0.0550817 1 1 0
2.03811 0.0552655 0.0552655 1 1 0
2.04805 0.0554517 0.0554517 1 1 0
2.05799 0.0556406 0.0556406 1 1 0
2.06793 0.055832 0.055832 1 1 0
2.07786 0.0560263 0.0560263 1 1 0
2.08779 0.0562235 0.0562235 1 1 0
2.09772 0.0564238 0.0564238 1 1 0
2.10764 0.0566273 0.0566273 1 1 0
2.11756 0.0568342 0.0568342 1 1 0
2.12748 0.0570447 0.0570447 1 1 0
2.13739 0.0572588 0.0572588 1 1 0
2.1473 0.057477 0.057477 1 1 0
2.1572 0.0576993 0.0576993 1 1 0
2.1671 0.0579261 0.0579261 1 1 0
2.17699 0.0581576 0.0581576 1 1 0
2.18687 0.0583941 0.0583941 1 1 0
2.19675 0.0586359 0.0586359 1 1 0
2.20661 0.0588834 0.0588834 1 1 0
2.21647 0.0591371 0.0591371 1 1 0
2.22632 0.0593974 0.0593974 1 1 0
2.23615 0.0596649 0.0596649 1 1 0
2.24598 0.05994 0.05994 1 1 0
2.25579 0.0602236 0.0602236 1 1 0
2.26558 0.0605165 0.0605165 1 1 0
2.27535 0.0608194 0.0608194 1 1 0
2.2851 0.0611336 0.0611336 1 1 0
2.29483 0.0614603 0.0614603 1 1 0
2.30452 0.061801 0.061801 1 1 0
2.31417 0.0621577 0.0621577 1 1 0
2.32378 0.0625326 0.0625326 1 1 0
2.33334 0.0629286 0.0629286 1 1 0
2.34282 0.0633493 0.0633493 1 1 0
2.3522 0.0637997 0.0637997 1 1 0
2.36146 0.0642862 0.0642862 1 1 0
2.37054 0.064818 0.064818 1 1 0
2.37935 0.0654081 0.0654081 1 1 0
2.38775 0.0660763 0.0660763 1 1 0
2.39541 0.066852 0.066852 1 1 0
2.39975 0.0674758 0.0674758 1 1 0
2.40444 0.0685154 0.0685154 2 1 0
2.40532 0.0692361 0.0692361 2 1 0
2.40326 0.0703306 0.0703306 2 1 0
2.39828 0.0712807 0.0712807 2 1 0
2.39174 0.0720961 0.0720961 2 1 0
2.38435 0.0728117 0.0728117 2 1 0
2.37644 0.0734549 0.0734549 2 1 0
2.3682 0.0740436 0.0740436 2 1 0
2.35972 0.0745902 0.0745902 2 1 0
2.35106 0.0751033 0.0751033 2 1 0
2.34228 0.075589 0.075589 2 1 0
2.33339 0.076052 0.076052 2 1 0
2.32442 0.076496 0.076496 2 1 0
2.31538 0.0769236 0.0769236 2 1 0
2.30629 0.077337 0.077337 2 1 0
2.29715 0.0777381 0.0777381 2 1 0
2.28797 0.0781284 0.0781284 2 1 0
2.27875 0.0785092 0.0785092 2 1 0
2.26951 0.0788815 0.0788815 2 1 0
2.26024 0.0792463 0.0792463 2 1 0
2.25094 0.0796044 0.0796044 2 1 0
2.24163 0.0799564 0.0799564 2 1 0
2.2323 0.080303 0.080303 2 1 0
2.22295 0.0806448 0.0806448 2 1 0
2.21359 0.0809821 0.0809821 2 1 0
2.20421 0.0813154 0.0813154 2 1 0
2.19483 0.0816452 0.0816452 2 1 0
2.18544 0.0819718 0.0819718 2 1 0
2.17603 0.0822955 0.0822955 2 1 0
2.16662 0.0826166 0.0826166 2 1 0
2.15721 0.0829355 0.0829355 2 1 0
2.14778 0.0832522 0.0832522 2 1 0
2.13836 0.0835672 0.0835672 2 1 0
2.12893 0.0838805 0.0838805 2 1 0
2.11949 0.0841925 0.0841925 2 1 0
2.11005 0.0845033 0.0845033 2 1 0
2.10061 0.0848131 0.0848131 2 1 0
2.09117 0.0851221 0.0851221 2 1 0
2.08172 0.0854304 0.0854304 2 1 0
2.07228 0.0857383 0.0857383 2 1 0
2.06283 0.0860458 0.0860458 2 1 0
2.05339 0.0863531 0.0863531 2 1 0
2.04394 0.0866603 0.0866603 2 1 0
2.0345 0.0869677 0.0869677 2 1 0
2.02506 0.0872752 0.0872752 2 1 0
2.01561 0.0875832 0.0875832 2 1 0
2.00617 0.0878916 0.0878916 2 1 0
1.99674 0.0882006 0.0882006 2 1 0
1.9873 0.0885103 0.0885103 2 1 0
1.97787 0.0888209 0.0888209 2 1 0
1.96844 0.0891325 0.0891325 2 1 0
1.95902 0.0894452 0.0894452 2 1 0
1.9496 0.089759 0.089759 2 1 0
1.94018 0.0900742 0.0900742 2 1 0
1.93077 0.0903909 0.0903909 2 1 0
1.92137 0.0907091 0.0907091 2 1 0
1.91196 0.091029 0.091029 2 1 0
1.90257 0.0913507 0.0913507 2 1 0
1.89318 0.0916743 0.0916743 2 1 0
1.8838 0.0919999 0.0919999 2 1 0
1.87442 0.0923278 0.0923278 2 1 0
1.86506 0.0926579 0.0926579 2 1 0
1.8557 0.0929904 0.0929904 2 1 0
1.84635 0.0933254 0.0933254 2 1 0
1.837 0.0936631 0.0936631 2 1 0
1.82767 0.0940036 0.0940036 2 1 0
1.81834 0.0943471 0.0943471 2 1 0
1.80903 0.0946936 0.0946936 2 1 0
1.79972 0.0950433 0.0950433 2 1 0
1.79043 0.0953965 0.0953965 2 1 0
1.78115 0.0957531 0.0957531 2 1 0
1.77188 0.0961134 0.0961134 2 1 0
1.76262 0.0964776 0.0964776 2 1 0
1.75337 0.0968457 0.0968457 2 1 0
1.74414 0.0972181 0.0972181 2 1 0
1.73492 0.0975948 0.0975948 2 1 0
1.72572 0.097976 0.097976 2 1 0
1.71653 0.098362 0.098362 2 1 0
1.70736 0.0987529 0.0987529 2 1 0
1.6982 0.099149 0.099149 2 1 0
1.68906 0.0995505 0.0995505 2 1 0
1.67994 0.0999576 0.0999576 2 1 0
1.67084 0.100371 0.100371 2 1 0
1.66176 0.10079 0.10079 2 1 0
1.6527 0.101215 0.101215 2 1 0
1.64366 0.101647 0.101647 2 1 0
1.63465 0.102086 0.102086 2 1 0
1.62566 0.102533 0.102533 2 1 0
1.61669 0.102987 0.102987 2 1 0
1.60775 0.103449 0.103449 2 1 0
1.59884 0.103919 0.103919 2 1 0
1.58996 0.104398 0.104398 2 1 0
1.58111 0.104886 0.104886 2 1 0
1.57229 0.105384 0.105384 2 1 0
1.56351 0.105892 0.105892 2 1 0
1.55476 0.106411 0.106411 2 1 0
1.54605 0.10694 0.10694 2 1 0
1.53738 0.107482 0.107482 2 1 0
1.52876 0.108036 0.108036 2 1 0
1.52018 0.108604 0.108604 2 1 0
1.51165 0.109185 0.109185 2 1 0
1.50317 0.109781 0.109781 2 1 0
1.49475 0.110392 0.110392 2 1 0
1.48638 0.111021 0.111021 2 1 0
1.47809 0.111667 0.111667 2 1 0
1.46986 0.112332 0.112332 2 1 0
1.4617 0.113017 0.113017 2 1 0
1.45363 0.113724 0.113724 2 1 0
1.44564 0.114454 0.114454 2 1 0
1.43776 0.115209 0.115209 2 1 0
1.42997 0.115991 0.115991 2 1 0
1.42231 0.116803 0.116803 2 1 0
1.41477 0.117647 0.117647 2 1 0
1.40738 0.118525 0.118525 2 1 0
1.40014 0.119441 0.119441 2 1 0
1.39309 0.120399 0.120399 2 1 0
1.38624 0.121404 0.121404 2 1 0
1.37963 0.122459 0.122459 2 1 0
1.37329 0.123571 0.123571 2 1 0
1.36726 0.124745 0.124745 2 1 0
1.36161 0.125991 0.125991 2 1 0
1.35639 0.127314 0.127314 2 1 0
1.35171 0.128725 0.128725 2 1 0
1.34766 0.130233 0.130233 2 1 0
1.34438 0.131844 0.131844 2 1 0
1.34203 0.133565 0.133565 2 1 0
1.34078 0.135392 0.135392 2 1 0
1.34062 0.136328 0.136328 2 1 0
1.3413 0.138286 0.138286 2 1 0
1.34338 0.140295 0.140295 2 1 0
1.34683 0.142313 0.142313 2 1 0
1.35152 0.144303 0.144303 2 1 0
1.35724 0.146234 0.146234 2 1 0
1.3638 0.14809 0.14809 2 1 0
1.37102 0.149864 0.149864 2 1 0
1.37876 0.151555 0.151555 2 1 0
1.38689 0.153168 0.153168 2 1 0
1.39532 0.154708 0.154708 2 1 0
1.40401 0.156181 0.156181 2 1 0
1.41288 0.157594 0.157594 2 1 0
1.42192 0.15895 0.15895 2 1 0
1.43108 0.160256 0.160256 2 1 0
1.44034 0.161516 0.161516 2 1 0
1.4497 0.162733 0.162733 2 1 0
1.45912 0.163912 0.163912 2 1 0
1.46861 0.165055 0.165055 2 1 0
1.47815 0.166165 0.166165 2 1 0
1.48774 0.167244 0.167244 2 1 0
1.49737 0.168295 0.168295 2 1 0
1.50703 0.16932 0.16932 2 1 0
1.51672 0.170319 0.170319 2 1 0
1.52643 0.171296 0.171296 2 1 0
1.53617 0.17225 0.17225 2 1 0
1.54593 0.173184 0.173184 2 1 0
1.55571 0.174099 0.174099 2 1 0
1.56551 0.174995 0.174995 2 1 0
1.57532 0.175874 0.175874 2 1 0
1.58514 0.176737 0.176737 2 1 0
1.59497 0.177583 0.177583 2 1 0
1.60482 0.178415 0.178415 2 1 0
1.61467 0.179232 0.179232 2 1 0
1.62454 0.180036 0.180036 2 1 0
1.63441 0.180827 0.180827 2 1 0
1.64429 0.181605 0.181605 2 1 0
1.65418 0.182372 0.182372 2 1 0
1.66407 0.183126 0.183126 2 1 0
1.67397 0.18387 0.18387 2 1 0
1.68387 0.184603 0.184603 2 1 0
1.69378 0.185326 0.185326 2 1 0
1.7037 0.186039 0.186039 2 1 0
1.71361 0.186742 0.186742 2 1 0
1.72354 0.187436 0.187436 2 1 0
1.73346 0.188122 0.188122 2 1 0
1.74339 0.188798 0.188798 2 1 0
1.75332 0.189467 0.189467 2 1 0
1.76326 0.190127 0.190127 2 1 0
1.7732 0.190779 0.190779 2 1 0
1.78314 0.191424 0.191424 2 1 0
1.79308 0.192062 0.192062 2 1 0
1.80302 0.192692 0.192692 2 1 0
1.81297 0.193315 0.193315 2 1 0
1.82292 0.193932 0.193932 2 1 0
1.83287 0.194542 0.194542 2 1 0
1.84283 0.195146 0.195146 2 1 0
1.85278 0.195743 0.195743 2 1 0
1.86274 0.196335 0.196335 2 1 0
1.8727 0.19692 0.19692 2 1 0
1.88265 0.1975 0.1975 2 1 0
1.89262 0.198074 0.198074 2 1 0
1.90258 0.198642 0.198642 2 1 0
1.91254 0.199206 0.199206 2 1 0
1.92251 0.199764 0.199764 2 1 0
1.93247 0.200317 0.200317 2 1 0
1.94244 0.200864 0.200864 2 1 0
1.95241 0.201408 0.201408 2 1 0
1.96238 0.201946 0.201946 2 1 0
1.97235 0.202479 0.202479 2 1 0
1.98232 0.203009 0.203009 2 1 0
1.99229 0.203533 0.203533 2 1 0
2.00226 0.204053 0.204053 2 1 0
2.01223 0.204569 0.204569 2 1 0
2.02221 0.205081 0.205081 2 1 0
2.03218 0.205589 0.205589 2 1 0
2.04216 0.206092 0.206092 2 1 0
2.05213 0.206592 0.206592 2 1 0
2.06211 0.207088 0.207088 2 1 0
2.07209 0.20758 0.20758 2 1 0
2.08206 0.208068 0.208068 2 1 0
2.09204 0.208553 0.208553 2 1 0
2.10202 0.209034 0.209034 2 1 0
2.112 0.209512 0.209512 2 1 0
2.12198 0.209986 0.209986 2 1 0
2.13196 0.210456 0.210456 2 1 0
2.14194 0.210924 0.210924 2 1 0
2.15192 0.211388 0.211388 2 1 0
2.1619 0.211849 0.211849 2 1 0
2.17189 0.212307 0.212307 2 1 0
2.18187 0.212761 0.212761 2 1 0
2.19185 0.213213 0.213213 2 1 0
2.20183 0.213662 0.213662 2 1 0
2.21182 0.214108 0.214108 2 1 0
2.2218 0.21455 0.21455 2 1 0
2.23179 0.21499 0.21499 2 1 0
2.24177 0.215428 0.215428 2 1 0
2.25175 0.215862 0.215862 2 1 0
2.26174 0.216294 0.216294 2 1 0
2.27172 0.216723 0.216723 2 1 0
2.28171 0.217149 0.217149 2 1 0
2.2917 0.217573 0.217573 2 1 0
2.30168 0.217995 0.217995 2 1 0
2.31167 0.218413 0.218413 2 1 0
2.32165 0.21883 0.21883 2 1 0
2.33164 0.219244 0.219244 2 1 0
2.34163 0.219655 0.219655 2 1 0
2.35162 0.220065 0.220065 2 1 0
2.3616 0.220471 0.220471 2 1 0
2.37159 0.220876 0.220876 2 1 0
2.38158 0.221279 0.221279 2 1 0
2.39157 0.221679 0.221679 2 1 0
2.40156 0.222077 0.222077 2 1 0
2.41154 0.222473 0.222473 2 1 0
2.42153 0.222866 0.222866 2 1 0
2.43152 0.223258 0.223258 2 1 0
2.44151 0.223648 0.223648 2 1 0
2.4515 0.224035 0.224035 2 1 0
2.46149 0.224421 0.224421 2 1 0
2.47148 0.224804 0.224804 2 1 0
2.48147 0.225186 0.225186 2 1 0
2.49146 0.225566 0.225566 2 1 0
2.50145 0.225944 0.225944 2 1 0
2.51144 0.22632 0.22632 2 1 0
2.52143 0.226694 0.226694 2 1 0
2.53142 0.227066 0.227066 2 1 0
2.54141 0.227437 0.227437 2 1 0
2.5514 0.227805 0.227805 2 1 0
2.56139 0.228172 0.228172 2 1 0
2.57138 0.228538 0.228538 2 1 0
2.58137 0.228901 0.228901 2 1 0
2.59136 0.229263 0.229263 2 1 0
2.60136 0.229624 0.229624 2 1 0
2.61135 0.229982 0.229982 2 1 0
2.62134 0.230339 0.230339 2 1 0
2.63133 0.230695 0.230695 2 1 0
2.64132 0.231049 0.231049 2 1 0
2.65131 0.231401 0.231401 2 1 0
2.6613 0.231752 0.231752 2 1 0
2.6713 0.232101 0.232101 2 1 0
2.68129 0.232449 0.232449 2 1 0
2.69128 0.232795 0.232795 2 1 0
2.70127 0.23314 0.23314 2 1 0
2.71127 0.233484 0.233484 2 1 0
2.72126 0.233826 0.233826 2 1 0
2.73125 0.234166 0.234166 2 1 0
2.74124 0.234505 0.234505 2 1 0
2.75124 0.234843 0.234843 2 1 0
2.76123 0.23518 0.23518 2 1 0
2.77122 0.235515 0.235515 2 1 0
2.78121 0.235849 0.235849 2 1 0
2.79121 0.236181 0.236181 2 1 0
2.8012 0.236512 0.236512 2 1 0
2.81119 0.236842 0.236842 2 1 0
2.82119 0.237171 0.237171 2 1 0
2.83118 0.237498 0.237498 2 1 0
2.84117 0.237825 0.237825 2 1 0
2.85117 0.23815 0.23815 2 1 0
2.86116 0.238473 0.238473 2 1 0
2.87115 0.238796 0.238796 2 1 0
2.88115 0.239117 0.239117 2 1 0
2.89114 0.239437 0.239437 2 1 0
2.90114 0.239756 0.239756 2 1 0
2.91113 0.240074 0.240074 2 1 0
2.92112 0.240391 0.240391 2 1 0
2.93112 0.240707 0.240707 2 1 0
2.94111 0.241021 0.241021 2 1 0
2.9511 0.241335 0.241335 2 1 0
2.9611 0.241647 0.241647 2 1 0
2.97109 0.241958 0.241958 2 1 0
2.98109 0.242269 0.242269 2 1 0
2.99108 0.242578 0.242578 2 1 0
3.00108 0.242886 0.242886 2 1 0
3.01107 0.243193 0.243193 2 1 0
3.02106 0.243499 0.243499 2 1 0
3.03106 0.243804 0.243804 2 1 0
3.04105 0.244108 0.244108 2 1 0
3.05105 0.244411 0.244411 2 1 0
3.06104 0.244713 0.244713 2 1 0
3.07104 0.245014 0.245014 2 1 0
3.08103 0.245315 0.245315 2 1 0
3.09103 0.245614 0.245614 2 1 0
3.10102 0.245912 0.245912 2 1 0
3.11102 0.246209 0.246209 2 1 0
3.12101 0.246506 0.246506 2 1 0
3.13101 0.246801 0.246801 2 1 0
3.141 0.247096 0.247096 2 1 0
3.151 0.24739 0.24739 2 1 0
3.16099 0.247682 0.247682 2 1 0
3.17099 0.247974 0.247974 2 1 0
3.18098 0.248265 0.248265 2 1 0
3.19098 0.248556 0.248556 2 1 0
3.20097 0.248845 0.248845 2 1 0
3.21097 0.249133 0.249133 2 1 0
3.22096 0.249421 0.249421 2 1 0
3.23096 0.249708 0.249708 2 1 0
3.24095 0.249994 0.249994 2 1 0
3.25095 0.250279 0.250279 2 1 0
3.26094 0.250563 0.250563 2 1 0
3.27094 0.250847 0.250847 2 1 0
3.28093 0.251129 0.251129 2 1 0
3.29093 0.251411 0.251411 2 1 0
3.30092 0.251692 0.251692 2 1 0
3.31092 0.251973 0.251973 2 1 0
3.32091 0.252252 0.252252 2 1 0
3.33091 0.252531 0.252531 2 1 0
3.34091 0.252809 0.252809 2 1 0
3.3509 0.253087 0.253087 2 1 0
3.3609 0.253363 0.253363 2 1 0
3.37089 0.253639 0.253639 2 1 0
3.38089 0.253914 0.253914 2 1 0
3.39088 0.254188 0.254188 2 1 0
3.40088 0.254462 0.254462 2 1 0
3.41088 0.254735 0.254735 2 1 0
3.42087 0.255007 0.255007 2 1 0
3.43087 0.255279 0.255279 2 1 0
3.44086 0.25555 0.25555 2 1 0
3.45086 0.25582 0.25582 2 1 0
3.46086 0.256089 0.256089 2 1 0
3.47085 0.256358 0.256358 2 1 0
3.48085 0.256626 0.256626 2 1 0
3.49084 0.256893 0.256893 2 1 0
3.50084 0.25716 0.25716 2 1 0
3.51084 0.257426 0.257426 2 1 0
3.52083 0.257691 0.257691 2 1 0
3.53083 0.257956 0.257956 2 1 0
3.54082 0.25822 0.25822 2 1 0
3.55082 0.258484 0.258484 2 1 0
3.56082 0.258746 0.258746 2 1 0
3.57081 0.259009 0.259009 2 1 0
3.58081 0.25927 0.25927 2 1 0
3.5908 0.259531 0.259531 2 1 0
3.6008 0.259791 0.259791 2 1 0
3.6108 0.260051 0.260051 2 1 0
3.62079 0.26031 0.26031 2 1 0
3.62325 0.260374 0.260374 2 1 0
3.63324 0.260632 0.260632 1 1 0
3.64324 0.26089 0.26089 1 1 0
3.65324 0.261147 0.261147 1 1 0
3.66323 0.261403 0.261403 1 1 0
3.67323 0.261659 0.261659 1 1 0
3.68323 0.261915 0.261915 1 1 0
3.69322 0.262169 0.262169 1 1 0
3.70322 0.262424 0.262424 1 1 0
3.71322 0.262677 0.262677 1 1 0
3.72321 0.26293 0.26293 1 1 0
3.73321 0.263183 0.263183 1 1 0
3.7432 0.263435 0.263435 1 1 0
3.7532 0.263686 0.263686 1 1 0
3.7632 0.263937 0.263937 1 1 0
3.77319 0.264187 0.264187 1 1 0
3.78319 0.264437 0.264437 1 1 0
3.79319 0.264686 0.264686 1 1 0
3.80318 0.264935 0.264935 1 1 0
3.81318 0.265183 0.265183 1 1 0
3.82318 0.26543 0.26543 1 1 0
3.83317 0.265677 0.265677 1 1 0
3.84317 0.265924 0.265924 1 1 0
3.85317 0.26617 0.26617 1 1 0
3.86316 0.266415 0.266415 1 1 0
3.87316 0.26666 0.26666 1 1 0
3.88316 0.266905 0.266905 1 1 0
3.89315 0.267149 0.267149 1 1 0
3.90315 0.267392 0.267392 1 1 0
3.91315 0.267635 0.267635 1 1 0
3.92315 0.267878 0.267878 1 1 0
3.93314 0.26812 0.26812 1 1 0
3.94314 0.268361 0.268361 1 1 0
3.95314 0.268602 0.268602 1 1 0
3.96313 0.268842 0.268842 1 1 0
3.97313 0.269082 0.269082 1 1 0
3.98313 0.269322 0.269322 1 1 0
3.99312 0.269561 0.269561 1 1 0
4.00312 0.2698 0.2698 1 1 0
4.01312 0.270038 0.270038 1 1 0
4.02311 0.270275 0.270275 1 1 0
4.03311 0.270512 0.270512 1 1 0
4.04311 0.270749 0.270749 1 1 0
4.05311 0.270985 0.270985 1 1 0
4.0631 0.271221 0.271221 1 1 0
4.0731 0.271456 0.271456 1 1 0
4.0831 0.271691 0.271691 1 1 0
4.09309 0.271926 0.271926 1 1 0
4.10309 0.27216 0.27216 1 1 0
4.11309 0.272393 0.272393 1 1 0
4.12308 0.272626 0.272626 1 1 0
4.13308 0.272859 0.272859 1 1 0
4.14308 0.273091 0.273091 1 1 0
4.15308 0.273323 0.273323 1 1 0
4.16307 0.273554 0.273554 1 1 0
4.17307 0.273785 0.273785 1 1 0
4.18307 0.274015 0.274015 1 1 0
4.19306 0.274246 0.274246 1 1 0
4.20306 0.274475 0.274475 1 1 0
4.21306 0.274704 0.274704 1 1 0
4.22306 0.274933 0.274933 1 1 0
4.23305 0.275162 0.275162 1 1 0
4.24305 0.275389 0.275389 1 1 0
4.25305 0.275617 0.275617 1 1 0
4.26305 0.275844 0.275844 1 1 0
4.27304 0.276071 0.276071 1 1 0
4.28304 0.276297 0.276297 1 1 0
4.29304 0.276523 0.276523 1 1 0
4.30303 0.276749 0.276749 1 1 0
4.31303 0.276974 0.276974 1 1 0
4.32303 0.277199 0.277199 1 1 0
4.33303 0.277423 0.277423 1 1 0
4.34302 0.277647 0.277647 1 1 0
4.35302 0.27787 0.27787 1 1 0
4.36302 0.278094 0.278094 1 1 0
4.37302 0.278316 0.278316 1 1 0
4.38301 0.278539 0.278539 1 1 0
4.39301 0.278761 0.278761 1 1 0
4.40301 0.278983 0.278983 1 1 0
4.41301 0.279204 0.279204 1 1 0
4.423 0.279425 0.279425 1 1 0
4.433 0.279645 0.279645 1 1 0
4.443 0.279865 0.279865 1 1 0
4.453 0.280085 0.280085 1 1 0
4.46299 0.280305 0.280305 1 1 0
4.47299 0.280524 0.280524 1 1 0
4.48299 0.280743 0.280743 1 1 0
4.49299 0.280961 0.280961 1 1 0
4.50298 0.281179 0.281179 1 1 0
4.51298 0.281396 0.281396 1 1 0
4.52298 0.281614 0.281614 1 1 0
4.53298 0.281831 0.281831 1 1 0
4.54297 0.282047 0.282047 1 1 0
4.55297 0.282263 0.282263 1 1 0
4.56297 0.282479 0.282479 1 1 0
4.57297 0.282695 0.282695 1 1 0
4.58296 0.28291 0.28291 1 1 0
4.59296 0.283125 0.283125 1 1 0
4.60296 0.283339 0.283339 1 1 0
4.61296 0.283554 0.283554 1 1 0
4.62295 0.283767 0.283767 1 1 0
4.63295 0.283981 0.283981 1 1 0
4.64295 0.284194 0.284194 1 1 0
4.65295 0.284407 0.284407 1 1 0
4.66294 0.284619 0.284619 1 1 0
4.67294 0.284832 0.284832 1 1 0
4.68294 0.285043 0.285043 1 1 0
4.69294 0.285255 0.285255 1 1 0
4.70293 0.285466 0.285466 1 1 0
4.71293 0.285677 0.285677 1 1 0
4.72293 0.285888 0.285888 1 1 0
4.73293 0.286098 0.286098 1 1 0
4.74293 0.286308 0.286308 1 1 0
4.75292 0.286517 0.286517 1 1 0
4.76292 0.286727 0.286727 1 1 0
4.77292 0.286936 0.286936 1 1 0
4.78292 0.287144 0.287144 1 1 0
4.79291 0.287353 0.287353 1 1 0
4.80291 0.287561 0.287561 1 1 0
4.81291 0.287768 0.287768 1 1 0
4.82291 0.287976 0.287976 1 1 0
4.83291 0.288183 0.288183 1 1 0
4.8429 0.28839 0.28839 1 1 0
4.8529 0.288596 0.288596 1 1 0
4.8629 0.288803 0.288803 1 1 0
4.8729 0.289009 0.289009 1 1 0
4.88289 0.289214 0.289214 1 1 0
4.89289 0.28942 0.28942 1 1 0
4.90289 0.289625 0.289625 1 1 0
4.91289 0.289829 0.289829 1 1 0
4.92289 0.290034 0.290034 1 1 0
4.93288 0.290238 0.290238 1 1 0
4.94288 0.290442 0.290442 1 1 0
4.95288 0.290646 0.290646 1 1 0
4.96288 0.290849 0.290849 1 1 0
4.97287 0.291052 0.291052 1 1 0
4.98287 0.291255 0.291255 1 1 0
4.99287 0.291457 0.291457 1 1 0
5.00287 0.291659 0.291659 1 1 0
5.01287 0.291861 0.291861 1 1 0
5.02286 0.292063 0.292063 1 1 0
5.03286 0.292264 0.292264 1 1 0
5.04286 0.292465 0.292465 1 1 0
5.05286 0.292666 0.292666 1 1 0
5.06286 0.292867 0.292867 1 1 0
5.07285 0.293067 0.293067 1 1 0
5.08285 0.293267 0.293267 1 1 0
5.09285 0.293467 0.293467 1 1 0
5.10285 0.293666 0.293666 1 1 0
5.11285 0.293865 0.293865 1 1 0
5.12284 0.294064 0.294064 1 1 0
5.13284 0.294263 0.294263 1 1 0
5.14284 0.294461 0.294461 1 1 0
5.15284 0.29466 0.29466 1 1 0
5.16284 0.294857 0.294857 1 1 0
5.17283 0.295055 0.295055 1 1 0
5.18283 0.295253 0.295253 1 1 0
5.19283 0.29545 0.29545 1 1 0
5.20283 0.295647 0.295647 1 1 0
5.21283 0.295843 0.295843 1 1 0
5.22282 0.296039 0.296039 1 1 0
5.23282 0.296236 0.296236 1 1 0
5.24282 0.296431 0.296431 1 1 0
5.25282 0.296627 0.296627 1 1 0
5.26282 0.296822 0.296822 1 1 0
5.27281 0.297018 0.297018 1 1 0
5.28281 0.297212 0.297212 1 1 0
5.29281 0.297407 0.297407 1 1 0
5.30281 0.297601 0.297601 1 1 0
5.31281 0.297796 0.297796 1 1 0
5.3228 0.29799 0.29799 1 1 0
5.3328 0.298183 0.298183 1 1 0
5.3428 0.298377 0.298377 1 1 0
5.3528 0.29857 0.29857 1 1 0
5.3628 0.298763 0.298763 1 1 0
5.37279 0.298955 0.298955 1 1 0
5.38279 0.299148 0.299148 1 1 0
5.39279 0.29934 0.29934 1 1 0
5.40279 0.299532 0.299532 1 1 0
5.41279 0.299724 0.299724 1 1 0
5.42278 0.299916 0.299916 1 1 0
5.43278 0.300107 0.300107 1 1 0
5.44278 0.300298 0.300298 1 1 0
5.45278 0.300489 0.300489 1 1 0
5.46278 0.300679 0.300679 1 1 0
5.47278 0.30087 0.30087 1 1 0
5.48277 0.30106 0.30106 1 1 0
5.49277 0.30125 0.30125 1 1 0
5.50277 0.30144 0.30144 1 1 0
5.51277 0.301629 0.301629 1 1 0
5.52277 0.301819 0.301819 1 1 0
5.53276 0.302008 0.302008 1 1 0
5.54276 0.302196 0.302196 1 1 0
5.55276 0.302385 0.302385 1 1 0
5.56276 0.302574 0.302574 1 1 0
5.57276 0.302762 0.302762 1 1 0
5.58276 0.30295 0.30295 1 1 0
5.59275 0.303138 0.303138 1 1 0
5.60275 0.303325 0.303325 1 1 0
5.61275 0.303512 0.303512 1 1 0
5.62275 0.3037 0.3037 1 1 0
5.63275 0.303887 0.303887 1 1 0
5.64274 0.304073 0.304073 1 1 0
5.65274 0.30426 0.30426 1 1 0
5.66274 0.304446 0.304446 1 1 0
5.67274 0.304632 0.304632 1 1 0
5.68274 0.304818 0.304818 1 1 0
5.69274 0.305004 0.305004 1 1 0
5.70273 0.305189 0.305189 1 1 0
5.71273 0.305375 0.305375 1 1 0
5.72273 0.30556 0.30556 1 1 0
5.73273 0.305744 0.305744 1 1 0
5.74273 0.305929 0.305929 1 1 0
5.75272 0.306114 0.306114 1 1 0
5.76272 0.306298 0.306298 1 1 0
5.77272 0.306482 0.306482 1 1 0
5.78272 0.306666 0.306666 1 1 0
5.79272 0.30685 0.30685 1 1 0
5.80272 0.307033 0.307033 1 1 0
5.81271 0.307216 0.307216 1 1 0
5.82271 0.307399 0.307399 1 1 0
5.83271 0.307582 0.307582 1 1 0
5.84271 0.307765 0.307765 1 1 0
5.85271 0.307948 0.307948 1 1 0
5.86271 0.30813 0.30813 1 1 0
5.8727 0.308312 0.308312 1 1 0
5.8827 0.308494 0.308494 1 1 0
5.8927 0.308676 0.308676 1 1 0
5.9027 0.308857 0.308857 1 1 0
5.9127 0.309039 0.309039 1 1 0
5.9227 0.30922 0.30922 1 1 0
5.93269 0.309401 0.309401 1 1 0
5.94269 0.309582 0.309582 1 1 0
5.95269 0.309762 0.309762 1 1 0
5.96269 0.309943 0.309943 1 1 0
5.97269 0.310123 0.310123 1 1 0
5.98269 0.310303 0.310303 1 1 0
5.99268 0.310483 0.310483 1 1 0
6.00268 0.310663 0.310663 1 1 0
6.01268 0.310843 0.310843 1 1 0
6.02268 0.311022 0.311022 1 1 0
6.03268 0.311201 0.311201 1 1 0
6.04268 0.31138 0.31138 1 1 0
6.05267 0.311559 0.311559 1 1 0
6.06267 0.311738 0.311738 1 1 0
6.07267 0.311916 0.311916 1 1 0
6.08267 0.312095 0.312095 1 1 0
6.09267 0.312273 0.312273 1 1 0
6.10267 0.312451 0.312451 1 1 0
6.11266 0.312629 0.312629 1 1 0
6.12266 0.312806 0.312806 1 1 0
6.13266 0.312984 0.312984 1 1 0
6.14266 0.313161 0.313161 1 1 0
6.15266 0.313338 0.313338 1 1 0
6.16266 0.313515 0.313515 1 1 0
6.17266 0.313692 0.313692 1 1 0
6.18265 0.313868 0.313868 1 1 0
6.19265 0.314045 0.314045 1 1 0
6.20265 0.314221 0.314221 1 1 0
6.21265 0.314397 0.314397 1 1 0
6.22265 0.314573 0.314573 1 1 0
6.23265 0.314749 0.314749 1 1 0
6.24264 0.314925 0.314925 1 1 0
6.25264 0.3151 0.3151 1 1 0
6.26264 0.315276 0.315276 1 1 0
6.27264 0.315451 0.315451 1 1 0
6.28264 0.315626 0.315626 1 1 0
6.29264 0.315801 0.315801 1 1 0
6.30263 0.315975 0.315975 1 1 0
6.31263 0.31615 0.31615 1 1 0
6.32263 0.316324 0.316324 1 1 0
6.33263 0.316498 0.316498 1 1 0
6.34263 0.316672 0.316672 1 1 0
6.35263 0.316846 0.316846 1 1 0
6.36263 0.31702 0.31702 1 1 0
6.37262 0.317194 0.317194 1 1 0
6.38262 0.317367 0.317367 1 1 0
6.39262 0.31754 0.31754 1 1 0
6.40262 0.317713 0.317713 1 1 0
6.41262 0.317886 0.317886 1 1 0
6.42262 0.318059 0.318059 1 1 0
6.43261 0.318232 0.318232 1 1 0
6.44261 0.318404 0.318404 1 1 0
6.45261 0.318577 0.318577 1 1 0
6.46261 0.318749 0.318749 1 1 0
6.47261 0.318921 0.318921 1 1 0
6.48261 0.319093 0.319093 1 1 0
6.49261 0.319265 0.319265 1 1 0
6.5026 0.319436 0.319436 1 1 0
6.5126 0.319608 0.319608 1 1 0
6.5226 0.319779 0.319779 1 1 0
6.5326 0.31995 0.31995 1 1 0
6.5426 0.320121 0.320121 1 1 0
6.5526 0.320292 0.320292 1 1 0
6.5626 0.320463 0.320463 1 1 0
6.57259 0.320634 0.320634 1 1 0
6.58259 0.320804 0.320804 1 1 0
6.59259 0.320974 0.320974 1 1 0
6.60259 0.321144 0.321144 1 1 0
6.61259 0.321315 0.321315 1 1 0
6.62259 0.321484 0.321484 1 1 0
6.63259 0.321654 0.321654 1 1 0
6.64258 0.321824 0.321824 1 1 0
6.65258 0.321993 0.321993 1 1 0
6.66258 0.322163 0.322163 1 1 0
6.67258 0.322332 0.322332 1 1 0
6.68258 0.322501 0.322501 1 1 0
6.69258 0.32267 0.32267 1 1 0
6.70258 0.322839 0.322839 1 1 0
6.71257 0.323007 0.323007 1 1 0
6.72257 0.323176 0.323176 1 1 0
6.73257 0.323344 0.323344 1 1 0
6.74257 0.323512 0.323512 1 1 0
6.75257 0.323681 0.323681 1 1 0
6.76257 0.323849 0.323849 1 1 0
6.77257 0.324016 0.324016 1 1 0
6.78256 0.324184 0.324184 1 1 0
6.79256 0.324352 0.324352 1 1 0
6.80256 0.324519 0.324519 1 1 0
6.81256 0.324687 0.324687 1 1 0
6.82256 0.324854 0.324854 1 1 0
6.83256 0.325021 0.325021 1 1 0
6.84256 0.325188 0.325188 1 1 0
6.85255 0.325355 0.325355 1 1 0
6.86255 0.325521 0.325521 1 1 0
6.87255 0.325688 0.325688 1 1 0
6.88255 0.325854 0.325854 1 1 0
6.89255 0.326021 0.326021 1 1 0
6.90255 0.326187 0.326187 1 1 0
6.91255 0.326353 0.326353 1 1 0
6.92254 0.326519 0.326519 1 1 0
6.93254 0.326685 0.326685 1 1 0
6.94254 0.32685 0.32685 1 1 0
6.95254 0.327016 0.327016 1 1 0
6.96254 0.327181 0.327181 1 1 0
6.97254 0.327347 0.327347 1 1 0
6.98254 0.327512 0.327512 1 1 0
6.99253 0.327677 0.327677 1 1 0
7.00253 0.327842 0.327842 1 1 0
7.01253 0.328007 0.328007 1 1 0
7.02253 0.328171 0.328171 1 1 0
7.03253 0.328336 0.328336 1 1 0
7.04253 0.3285 0.3285 1 1 0
7.05253 0.328665 0.328665 1 1 0
7.06252 0.328829 0.328829 1 1 0
7.07252 0.328993 0.328993 1 1 0
7.08252 0.329157 0.329157 1 1 0
7.09252 0.329321 0.329321 1 1 0
7.10252 0.329485 0.329485 1 1 0
7.11252 0.329648 0.329648 1 1 0
7.12252 0.329812 0.329812 1 1 0
7.13252 0.329975 0.329975 1 1 0
7.14251 0.330139 0.330139 1 1 0
7.15251 0.330302 0.330302 1 1 0
7.16251 0.330465 0.330465 1 1 0
7.17251 0.330628 0.330628 1 1 0
7.18251 0.330791 0.330791 1 1 0
7.19251 0.330953 0.330953 1 1 0
7.20251 0.331116 0.331116 1 1 0
7.2125 0.331279 0.331279 1 1 0
7.2225 0.331441 0.331441 1 1 0
7.2325 0.331603 0.331603 1 1 0
7.2425 0.331765 0.331765 1 1 0
7.2525 0.331928 0.331928 1 1 0
7.2625 0.33209 0.33209 1 1 0
7.2725 0.332251 0.332251 1 1 0
7.2825 0.332413 0.332413 1 1 0
7.29249 0.332575 0.332575 1 1 0
7.30249 0.332736 0.332736 1 1 0
7.31249 0.332898 0.332898 1 1 0
7.32249 0.333059 0.333059 1 1 0
7.33249 0.33322 0.33322 1 1 0
7.34249 0.333381 0.333381 1 1 0
7.35249 0.333542 0.333542 1 1 0
7.36248 0.333703 0.333703 1 1 0
7.37248 0.333864 0.333864 1 1 0
7.38248 0.334025 0.334025 1 1 0
7.39248 0.334185 0.334185 1 1 0
7.40248 0.334346 0.334346 1 1 0
7.41248 0.334506 0.334506 1 1 0
7.42248 0.334666 0.334666 1 1 0
7.43248 0.334826 0.334826 1 1 0
7.44247 0.334986 0.334986 1 1 0
7.45247 0.335146 0.335146 1 1 0
7.46247 0.335306 0.335306 1 1 0
7.47247 0.335466 0.335466 1 1 0
7.48247 0.335626 0.335626 1 1 0
7.49247 0.335785 0.335785 1 1 0
7.50247 0.335945 0.335945 1 1 0
7.51247 0.336104 0.336104 1 1 0
7.52246 0.336263 0.336263 1 1 0
7.53246 0.336422 0.336422 1 1 0
7.54246 0.336581 0.336581 1 1 0
7.55246 0.33674 0.33674 1 1 0
7.56246 0.336899 0.336899 1 1 0
7.57246 0.337058 0.337058 1 1 0
7.58246 0.337217 0.337217 1 1 0
7.59246 0.337375 0.337375 1 1 0
7.60245 0.337534 0.337534 1 1 0
7.61245 0.337692 0.337692 1 1 0
7.62245 0.33785 0.33785 1 1 0
7.63245 0.338008 0.338008 1 1 0
7.64245 0.338166 0.338166 1 1 0
7.65245 0.338324 0.338324 1 1 0
7.66245 0.338482 0.338482 1 1 0
7.67245 0.33864 0.33864 1 1 0
7.68244 0.338798 0.338798 1 1 0
7.69244 0.338955 0.338955 1 1 0
7.70244 0.339113 0.339113 1 1 0
7.71244 0.33927 0.33927 1 1 0
7.72244 0.339428 0.339428 1 1 0
7.73244 0.339585 0.339585 1 1 0
7.74244 0.339742 0.339742 1 1 0
7.75244 0.339899 0.339899 1 1 0
7.76243 0.340056 0.340056 1 1 0
7.77243 0.340213 0.340213 1 1 0
7.78243 0.34037 0.34037 1 1 0
7.79243 0.340526 0.340526 1 1 0
7.80243 0.340683 0.340683 1 1 0
7.81243 0.340839 0.340839 1 1 0
7.82243 0.340996 0.340996 1 1 0
7.83243 0.341152 0.341152 1 1 0
7.84242 0.341308 0.341308 1 1 0
7.85242 0.341465 0.341465 1 1 0
7.86242 0.341621 0.341621 1 1 0
7.87242 0.341777 0.341777 1 1 0
7.88242 0.341932 0.341932 1 1 0
7.89242 0.342088 0.342088 1 1 0
7.90242 0.342244 0.342244 1 1 0
7.91242 0.3424 0.3424 1 1 0
7.92241 0.342555 0.342555 1 1 0
7.93241 0.342711 0.342711 1 1 0
7.94241 0.342866 0.342866 1 1 0
7.95241 0.343021 0.343021 1 1 0
7.96241 0.343176 0.343176 1 1 0
7.97241 0.343332 0.343332 1 1 0
7.98241 0.343487 0.343487 1 1 0
7.99241 0.343642 0.343642 1 1 0
8.0024 0.343796 0.343796 1 1 0
8.0124 0.343951 0.343951 1 1 0
8.0224 0.344106 0.344106 1 1 0
8.0324 0.34426 0.34426 1 1 0
8.0424 0.344415 0.344415 1 1 0
8.0524 0.344569 0.344569 1 1 0
8.0624 0.344724 0.344724 1 1 0
8.0724 0.344878 0.344878 1 1 0
8.08239 0.345032 0.345032 1 1 0
8.09239 0.345186 0.345186 1 1 0
8.10239 0.34534 0.34534 1 1 0
8.11239 0.345494 0.345494 1 1 0
8.12239 0.345648 0.345648 1 1 0
8.13239 0.345802 0.345802 1 1 0
8.14239 0.345956 0.345956 1 1 0
8.15239 0.346109 0.346109 1 1 0
8.16239 0.346263 0.346263 1 1 0
8.17238 0.346417 0.346417 1 1 0
8.18238 0.34657 0.34657 1 1 0
8.19238 0.346723 0.346723 1 1 0
8.20238 0.346877 0.346877 1 1 0
8.21238 0.34703 0.34703 1 1 0
8.22238 0.347183 0.347183 1 1 0
8.23238 0.347336 0.347336 1 1 0
8.24238 0.347489 0.347489 1 1 0
8.25237 0.347642 0.347642 1 1 0
8.26237 0.347794 0.347794 1 1 0
8.27237 0.347947 0.347947 1 1 0
8.28237 0.3481 0.3481 1 1 0
8.29237 0.348252 0.348252 1 1 0
8.30237 0.348405 0.348405 1 1 0
8.31237 0.348557 0.348557 1 1 0
8.32237 0.34871 0.34871 1 1 0
8.33237 0.348862 0.348862 1 1 0
8.34236 0.349014 0.349014 1 1 0
8.35236 0.349166 0.349166 1 1 0
8.36236 0.349318 0.349318 1 1 0
8.37236 0.34947 0.34947 1 1 0
8.38236 0.349622 0.349622 1 1 0
8.39236 0.349774 0.349774 1 1 0
8.40236 0.349926 0.349926 1 1 0
8.41236 0.350077 0.350077 1 1 0
8.42235 0.350229 0.350229 1 1 0
8.43235 0.350381 0.350381 1 1 0
8.44235 0.350532 0.350532 1 1 0
8.45235 0.350683 0.350683 1 1 0
8.46235 0.350835 0.350835 1 1 0
8.47235 0.350986 0.350986 1 1 0
8.48235 0.351137 0.351137 1 1 0
8.49235 0.351288 0.351288 1 1 0
8.50235 0.351439 0.351439 1 1 0
8.51234 0.35159 0.35159 1 1 0
8.52234 0.351741 0.351741 1 1 0
8.53234 0.351892 0.351892 1 1 0
8.54234 0.352043 0.352043 1 1 0
8.55234 0.352194 0.352194 1 1 0
8.56234 0.352344 0.352344 1 1 0
8.57234 0.352495 0.352495 1 1 0
8.58234 0.352645 0.352645 1 1 0
8.59234 0.352796 0.352796 1 1 0
8.60233 0.352946 0.352946 1 1 0
8.61233 0.353096 0.353096 1 1 0
8.62233 0.353247 0.353247 1 1 0
8.63233 0.353397 0.353397 1 1 0
8.64233 0.353547 0.353547 1 1 0
8.65233 0.353697 0.353697 1 1 0
8.66233 0.353847 0.353847 1 1 0
8.67233 0.353997 0.353997 1 1 0
8.68233 0.354147 0.354147 1 1 0
8.69232 0.354296 0.354296 1 1 0
8.70232 0.354446 0.354446 1 1 0
8.71232 0.354596 0.354596 1 1 0
8.72232 0.354745 0.354745 1 1 0
8.73232 0.354895 0.354895 1 1 0
8.74232 0.355044 0.355044 1 1 0
8.75232 0.355194 0.355194 1 1 0
8.76232 0.355343 0.355343 1 1 0
8.77232 0.355492 0.355492 1 1 0
8.78231 0.355641 0.355641 1 1 0
8.79231 0.355791 0.355791 1 1 0
8.80231 0.35594 0.35594 1 1 0
8.81231 0.356089 0.356089 1 1 0
8.82231 0.356238 0.356238 1 1 0
8.83231 0.356386 0.356386 1 1 0
8.84231 0.356535 0.356535 1 1 0
8.85231 0.356684 0.356684 1 1 0
8.86231 0.356833 0.356833 1 1 0
8.8723 0.356981 0.356981 1 1 0
8.8823 0.35713 0.35713 1 1 0
8.8923 0.357279 0.357279 1 1 0
8.9023 0.357427 0.357427 1 1 0
8.9123 0.357575 0.357575 1 1 0
8.9223 0.357724 0.357724 1 1 0
8.9323 0.357872 0.357872 1 1 0
8.9423 0.35802 0.35802 1 1 0
8.9523 0.358168 0.358168 1 1 0
8.96229 0.358316 0.358316 1 1 0
8.97229 0.358465 0.358465 1 1 0
8.98229 0.358612 0.358612 1 1 0
8.99229 0.35876 0.35876 1 1 0
9.00229 0.358908 0.358908 1 1 0
9.01229 0.359056 0.359056 1 1 0
9.02229 0.359204 0.359204 1 1 0
9.03229 0.359352 0.359352 1 1 0
9.04229 0.359499 0.359499 1 1 0
9.05228 0.359647 0.359647 1 1 0
9.06228 0.359794 0.359794 1 1 0
9.07228 0.359942 0.359942 1 1 0
9.08228 0.360089 0.360089 1 1 0
9.09228 0.360237 0.360237 1 1 0
9.10228 0.360384 0.360384 1 1 0
9.11228 0.360531 0.360531 1 1 0
9.12228 0.360678 0.360678 1 1 0
9.13228 0.360825 0.360825 1 1 0
9.14227 0.360972 0.360972 1 1 0
9.15227 0.361119 0.361119 1 1 0
9.16227 0.361266 0.361266 1 1 0
9.17227 0.361413 0.361413 1 1 0
9.18227 0.36156 0.36156 1 1 0
9.19227 0.361707 0.361707 1 1 0
9.20227 0.361854 0.361854 1 1 0
9.21227 0.362 0.362 1 1 0
9.22227 0.362147 0.362147 1 1 0
9.23226 0.362294 0.362294 1 1 0
9.24226 0.36244 0.36244 1 1 0
9.25226 0.362587 0.362587 1 1 0
9.26226 0.362733 0.362733 1 1 0
9.27226 0.36288 0.36288 1 1 0
9.28226 0.363026 0.363026 1 1 0
9.29226 0.363172 0.363172 1 1 0
9.30226 0.363318 0.363318 1 1 0
9.31226 0.363465 0.363465 1 1 0
9.32226 0.363611 0.363611 1 1 0
9.33225 0.363757 0.363757 1 1 0
9.34225 0.363903 0.363903 1 1 0
9.35225 0.364049 0.364049 1 1 0
9.36225 0.364195 0.364195 1 1 0
9.37225 0.36434 0.36434 1 1 0
9.38225 0.364486 0.364486 1 1 0
9.39225 0.364632 0.364632 1 1 0
9.40225 0.364778 0.364778 1 1 0
9.41225 0.364923 0.364923 1 1 0
9.42224 0.365069 0.365069 1 1 0
9.43224 0.365215 0.365215 1 1 0
9.44224 0.36536 0.36536 1 1 0
9.45224 0.365506 0.365506 1 1 0
9.46224 0.365651 0.365651 1 1 0
9.47224 0.365796 0.365796 1 1 0
9.48224 0.365942 0.365942 1 1 0
9.49224 0.366087 0.366087 1 1 0
9.50224 0.366232 0.366232 1 1 0
9.51223 0.366377 0.366377 1 1 0
9.52223 0.366522 0.366522 1 1 0
9.53223 0.366667 0.366667 1 1 0
9.54223 0.366813 0.366813 1 1 0
9.55223 0.366957 0.366957 1 1 0
9.56223 0.367102 0.367102 1 1 0
9.57223 0.367247 0.367247 1 1 0
9.58223 0.367392 0.367392 1 1 0
9.59223 0.367537 0.367537 1 1 0
9.60223 0.367682 0.367682 1 1 0
9.61222 0.367826 0.367826 1 1 0
9.62222 0.367971 0.367971 1 1 0
9.63222 0.368116 0.368116 1 1 0
9.64222 0.36826 0.36826 1 1 0
9.65222 0.368405 0.368405 1 1 0
9.66222 0.368549 0.368549 1 1 0
9.67222 0.368694 0.368694 1 1 0
9.68222 0.368838 0.368838 1 1 0
9.69222 0.368982 0.368982 1 1 0
9.70221 0.369127 0.369127 1 1 0
9.71221 0.369271 0.369271 1 1 0
9.72221 0.369415 0.369415 1 1 0
9.73221 0.369559 0.369559 1 1 0
9.74221 0.369703 0.369703 1 1 0
9.75221 0.369847 0.369847 1 1 0
9.76221 0.369991 0.369991 1 1 0
9.77221 0.370135 0.370135 1 1 0
9.78221 0.370279 0.370279 1 1 0
9.79221 0.370423 0.370423 1 1 0
9.8022 0.370567 0.370567 1 1 0
9.8122 0.370711 0.370711 1 1 0
9.8222 0.370855 0.370855 1 1 0
9.8322 0.370998 0.370998 1 1 0
9.8422 0.371142 0.371142 1 1 0
9.8522 0.371286 0.371286 1 1 0
9.8622 0.371429 0.371429 1 1 0
9.8722 0.371573 0.371573 1 1 0
9.8822 0.371716 0.371716 1 1 0
9.8922 0.37186 0.37186 1 1 0
9.90219 0.372003 0.372003 1 1 0
9.91219 0.372147 0.372147 1 1 0
9.92219 0.37229 0.37229 1 1 0
9.93219 0.372433 0.372433 1 1 0
9.94219 0.372577 0.372577 1 1 0
9.95219 0.37272 0.37272 1 1 0
9.96219 0.372863 0.372863 1 1 0
9.97219 0.373006 0.373006 1 1 0
9.98219 0.373149 0.373149 1 1 0
9.99218 0.373292 0.373292 1 1 0
10.0022 0.373435 0.373435 1 1 0
3.62325 0.260374 0.260374 4 5 0
3.62655 0.267468 0.253403 4 5 0
3.63403 0.273305 0.247848 4 5 0
3.64187 0.277472 0.243978 4 5 0
3.65149 0.281571 0.240245 4 5 0
3.66122 0.285094 0.237095 4 5 0
3.67099 0.288245 0.234321 4 5 0
3.68081 0.291132 0.231816 4 5 0
3.69065 0.293819 0.229514 4 5 0
3.70051 0.29635 0.227373 4 5 0
3.71038 0.298752 0.225362 4 5 0
3.72027 0.301051 0.223461 4 5 0
3.73016 0.303259 0.221651 4 5 0
3.74007 0.30539 0.219923 4 5 0
3.74998 0.307456 0.218263 4 5 0
3.75989 0.309463 0.216665 4 5 0
3.76981 0.311418 0.215123 4 5 0
3.77974 0.313329 0.213626 4 5 0
3.78966 0.315198 0.212176 4 5 0
3.79959 0.317032 0.210766 4 5 0
3.80953 0.318833 0.209391 4 5 0
3.81946 0.320602 0.20805 4 5 0
3.8294 0.322347 0.20674 4 5 0
3.83934 0.324066 0.205458 4 5 0
3.84928 0.325761 0.204202 4 5 0
3.85922 0.327438 0.202969 4 5 0
3.86917 0.329096 0.201761 4 5 0
3.87911 0.330734 0.200572 4 5 0
3.88906 0.33236 0.199403 4 5 0
3.89901 0.333969 0.198252 4 5 0
3.90896 0.335565 0.197119 4 5 0
3.9189 0.337151 0.196001 4 5 0
3.92885 0.338724 0.194899 4 5 0
3.93881 0.340288 0.193811 4 5 0
3.94876 0.341842 0.192735 4 5 0
3.95871 0.343385 0.191673 4 5 0
3.96866 0.344926 0.190622 4 5 0
3.97861 0.346457 0.189582 4 5 0
3.98857 0.347979 0.188554 4 5 0
3.99852 0.349501 0.187534 4 5 0
4.00847 0.351016 0.186525 4 5 0
4.01843 0.352524 0.185524 4 5 0
4.02838 0.354033 0.184532 4 5 0
4.03833 0.355533 0.183546 4 5 0
4.04829 0.357036 0.182569 4 5 0
4.05824 0.358534 0.181599 4 5 0
4.0682 0.360031 0.180634 4 5 0
4.07815 0.361523 0.179677 4 5 0
4.08811 0.363017 0.178725 4 5 0
4.09806 0.364514 0.177778 4 5 0
4.10801 0.366007 0.176836 4 5 0
4.11797 0.367501 0.175899 4 5 0
4.12792 0.368993 0.174966 4 5 0
4.13787 0.370492 0.174039 4 5 0
4.14783 0.37199 0.173114 4 5 0
4.15778 0.373489 0.172191 4 5 0
4.16773 0.374988 0.171272 4 5 0
4.17768 0.376492 0.170357 4 5 0
4.18764 0.378004 0.169443 4 5 0
4.19759 0.379515 0.168531 4 5 0
4.20754 0.381031 0.167623 4 5 0
4.21749 0.382547 0.166714 4 5 0
4.22744 0.384072 0.165807 4 5 0
4.23739 0.385602 0.164901 4 5 0
4.24733 0.387137 0.163996 4 5 0
4.25728 0.388675 0.163091 4 5 0
4.26723 0.390222 0.162185 4 5 0
4.27717 0.391774 0.16128 4 5 0
4.28712 0.393337 0.160373 4 5 0
4.29706 0.394904 0.159465 4 5 0
4.30701 0.396478 0.158556 4 5 0
4.31695 0.398061 0.157645 4 5 0
4.32689 0.399655 0.156733 4 5 0
4.33683 0.401255 0.155816 4 5 0
4.34677 0.402871 0.154896 4 5 0
4.35671 0.404489 0.153974 4 5 0
4.36664 0.406128 0.153047 4 5 0
4.37658 0.407774 0.152117 4 5 0
4.38651 0.409428 0.151179 4 5 0
4.39644 0.411104 0.150236 4 5 0
4.40637 0.412789 0.149287 4 5 0
4.4163 0.41449 0.14833 4 5 0
4.42623 0.416209 0.147365 4 5 0
4.43615 0.417937 0.146392 4 5 0
4.44607 0.419692 0.145408 4 5 0
4.45599 0.421467 0.144414 4 5 0
4.46591 0.423255 0.143407 4 5 0
4.47582 0.425075 0.142385 4 5 0
4.48573 0.426911 0.141349 4 5 0
4.49563 0.42878 0.140295 4 5 0
4.50553 0.430675 0.139223 4 5 0
4.51542 0.432603 0.138127 4 5 0
4.52531 0.43457 0.137006 4 5 0
4.53519 0.436573 0.135856 4 5 0
4.54507 0.438622 0.134672 4 5 0
4.55493 0.440728 0.133447 4 5 0
4.56478 0.442894 0.132177 4 5 0
4.57462 0.445131 0.130845 4 5 0
4.58443 0.447469 0.129442 4 5 0
4.59422 0.449924 0.12794 4 5 0
4.60397 0.45254 0.126308 4 5 0
4.61365 0.455407 0.124476 4 5 0
4.62319 0.45871 0.122295 4 5 0
4.6323 0.463146 0.11922 4 5 0
4.63424 0.464827 0.118008 4 5 0
4.63512 0.466819 0.11653 3 5 0
4.62957 0.47132 0.113053 3 5 0
4.62113 0.473713 0.111162 3 5 0
4.61234 0.475426 0.109812 3 5 0
4.60259 0.476949 0.108627 3 5 0
4.59278 0.478265 0.107629 3 5 0
4.58294 0.479443 0.106757 3 5 0
4.57307 0.480532 0.105973 3 5 0
4.5632 0.481552 0.105258 3 5 0
4.55331 0.482527 0.104598 3 5 0
4.54342 0.483461 0.103979 3 5 0
4.53352 0.484364 0.103397 3 5 0
4.52362 0.485258 0.102846 3 5 0
4.51371 0.486122 0.102321 3 5 0
4.5038 0.486983 0.10182 3 5 0
4.49388 0.487832 0.101338 3 5 0
4.48397 0.48867 0.100873 3 5 0
4.47405 0.489499 0.100424 3 5 0
4.46413 0.490315 0.09999 3 5 0
4.45421 0.491134 0.0995694 3 5 0
4.44428 0.491956 0.0991595 3 5 0
4.43436 0.492774 0.09876 3 5 0
4.42443 0.493583 0.0983709 3 5 0
4.41451 0.494389 0.0979895 3 5 0
4.40458 0.495211 0.0976176 3 5 0
4.39465 0.496025 0.0972544 3 5 0
4.38472 0.496838 0.096896 3 5 0
4.3748 0.497647 0.0965452 3 5 0
4.36487 0.498456 0.0962011 3 5 0
4.35494 0.49928 0.0958637 3 5 0
4.34501 0.500096 0.0955311 3 5 0
4.33508 0.500915 0.0952027 3 5 0
4.32515 0.501744 0.0948796 3 5 0
4.31521 0.502573 0.0945628 3 5 0
4.30528 0.503397 0.0942485 3 5 0
4.29535 0.504221 0.0939387 3 5 0
4.28542 0.505053 0.0936333 3 5 0
4.27549 0.505892 0.0933321 3 5 0
4.26556 0.506735 0.0930345 3 5 0
4.25563 0.507565 0.0927391 3 5 0
4.2457 0.508417 0.0924481 3 5 0
4.23576 0.509268 0.0921608 3 5 0
4.22583 0.510118 0.0918756 3 5 0
4.2159 0.510966 0.0915927 3 5 0
4.20597 0.511814 0.0913131 3 5 0
4.19604 0.512687 0.0910363 3 5 0
4.18611 0.513545 0.0907629 3 5 0
4.17618 0.514403 0.0904907 3 5 0
4.16625 0.515282 0.0902212 3 5 0
4.15632 0.516152 0.0899542 3 5 0
4.14638 0.517022 0.0896902 3 5 0
4.13645 0.517901 0.0894267 3 5 0
4.12652 0.518785 0.089167 3 5 0
4.11659 0.519668 0.0889077 3 5 0
4.10666 0.520548 0.088651 3 5 0
4.09673 0.521443 0.0883965 3 5 0
4.0868 0.522338 0.088144 3 5 0
4.07688 0.523233 0.0878923 3 5 0
4.06695 0.524131 0.0876435 3 5 0
4.05702 0.525027 0.0873953 3 5 0
4.04709 0.525938 0.0871491 3 5 0
4.03716 0.526844 0.0869052 3 5 0
4.02723 0.527747 0.0866615 3 5 0
4.01731 0.528654 0.0864208 3 5 0
4.00738 0.529581 0.08618 3 5 0
3.99745 0.530505 0.0859415 3 5 0
3.98753 0.531424 0.0857041 3 5 0
3.9776 0.53234 0.0854692 3 5 0
3.96768 0.533274 0.0852337 3 5 0
3.95775 0.534212 0.0850009 3 5 0
3.94783 0.535142 0.0847684 3 5 0
3.9379 0.53607 0.0845382 3 5 0
3.92798 0.537018 0.0843081 3 5 0
3.91806 0.537962 0.0840803 3 5 0
3.90814 0.538904 0.0838526 3 5 0
3.89822 0.539849 0.0836264 3 5 0
3.88829 0.540787 0.0834017 3 5 0
3.87837 0.541749 0.0831779 3 5 0
3.86846 0.54271 0.0829555 3 5 0
3.85854 0.543667 0.082733 3 5 0
3.84862 0.544619 0.0825123 3 5 0
3.8387 0.54559 0.0822926 3 5 0
3.82879 0.54655 0.0820738 3 5 0
3.81887 0.547505 0.0818564 3 5 0
3.80896 0.54848 0.0816391 3 5 0
3.79904 0.549462 0.0814234 3 5 0
3.78913 0.55044 0.0812086 3 5 0
3.77922 0.551409 0.0809941 3 5 0
3.76931 0.552395 0.0807814 3 5 0
3.7594 0.553376 0.0805689 3 5 0
3.74949 0.554345 0.0803575 3 5 0
3.73958 0.555342 0.0801471 3 5 0
3.72968 0.556334 0.0799371 3 5 0
3.71977 0.557323 0.0797284 3 5 0
3.70987 0.558316 0.0795202 3 5 0
3.69997 0.559303 0.0793136 3 5 0
3.69007 0.560307 0.0791066 3 5 0
3.68017 0.561302 0.0789011 3 5 0
3.67027 0.56229 0.0786964 3 5 0
3.66037 0.563301 0.0784923 3 5 0
3.65048 0.564296 0.0782889 3 5 0
3.64058 0.565313 0.0780863 3 5 0
3.63069 0.566321 0.0778844 3 5 0
3.6208 0.567317 0.0776837 3 5 0
3.61092 0.568331 0.0774831 3 5 0
3.60103 0.569345 0.0772838 3 5 0
3.59115 0.570369 0.0770846 3 5 0
3.58126 0.571385 0.0768869 3 5 0
3.57138 0.572401 0.0766891 3 5 0
3.56151 0.573407 0.0764926 3 5 0
3.55163 0.574426 0.0762964 3 5 0
3.54176 0.575461 0.0761013 3 5 0
3.53189 0.576472 0.0759064 3 5 0
3.52202 0.577497 0.075713 3 5 0
3.51216 0.578519 0.0755193 3 5 0
3.50229 0.579558 0.0753266 3 5 0
3.49243 0.580588 0.0751351 3 5 0
3.48258 0.581617 0.0749441 3 5 0
3.47272 0.582642 0.0747528 3 5 0
3.46287 0.583657 0.0745632 3 5 0
3.45303 0.584691 0.0743738 3 5 0
3.44318 0.585738 0.0741853 3 5 0
3.43334 0.586773 0.0739974 3 5 0
3.42351 0.587791 0.07381 3 5 0
3.41367 0.588822 0.0736234 3 5 0
3.40384 0.589873 0.0734375 3 5 0
3.39402 0.590904 0.0732525 3 5 0
3.3842 0.591948 0.0730673 3 5 0
3.37438 0.59298 0.0728835 3 5 0
3.36457 0.594021 0.0727 3 5 0
3.35476 0.595056 0.0725175 3 5 0
3.34496 0.596077 0.0723352 3 5 0
3.33516 0.597133 0.0721538 3 5 0
3.32537 0.598167 0.0719731 3 5 0
3.31558 0.599188 0.0717929 3 5 0
3.3058 0.600245 0.0716133 3 5 0
3.29602 0.601269 0.0714347 3 5 0
3.28625 0.602309 0.0712563 3 5 0
3.27648 0.603358 0.0710786 3 5 0
3.26673 0.604386 0.070902 3 5 0
3.25697 0.605418 0.0707255 3 5 0
3.24723 0.606457 0.0705498 3 5 0
3.23749 0.607502 0.0703755 3 5 0
3.22776 0.608532 0.0702006 3 5 0
3.21803 0.609567 0.0700269 3 5 0
3.20832 0.610604 0.0698543 3 5 0
3.19861 0.611624 0.0696817 3 5 0
3.18891 0.612663 0.0695101 3 5 0
3.17921 0.613698 0.0693391 3 5 0
3.16953 0.614716 0.0691687 3 5 0
3.15985 0.615748 0.068999 3 5 0
3.15019 0.616783 0.0688303 3 5 0
3.14053 0.617799 0.0686617 3 5 0
3.13089 0.618824 0.0684941 3 5 0
3.12125 0.619833 0.0683275 3 5 0
3.11163 0.620872 0.0681609 3 5 0
3.10201 0.621894 0.0679954 3 5 0
3.09241 0.622904 0.0678306 3 5 0
3.08282 0.623909 0.0676663 3 5 0
3.07324 0.624938 0.0675032 3 5 0
3.06367 0.625931 0.0673401 3 5 0
3.05411 0.626946 0.0671782 3 5 0
3.04457 0.627962 0.0670167 3 5 0
3.03505 0.628945 0.0668563 3 5 0
3.02553 0.629965 0.0666963 3 5 0
3.01603 0.630958 0.0665371 3 5 0
3.00655 0.631967 0.0663791 3 5 0
2.99708 0.632954 0.0662211 3 5 0
2.98763 0.633924 0.0660642 3 5 0
2.9782 0.634934 0.0659085 3 5 0
2.96878 0.635921 0.0657527 3 5 0
2.95938 0.636885 0.0655982 3 5 0
2.95 0.637867 0.0654444 3 5 0
2.94063 0.638855 0.0652913 3 5 0
2.93129 0.639811 0.0651392 3 5 0
2.92196 0.640792 0.0649876 3 5 0
2.91266 0.641748 0.064837 3 5 0
2.90338 0.64271 0.0646875 3 5 0
2.89412 0.643667 0.0645381 3 5 0
2.88489 0.644598 0.0643903 3 5 0
2.87567 0.645563 0.0642428 3 5 0
2.86648 0.646503 0.0640961 3 5 0
2.85732 0.647415 0.0639507 3 5 0
2.84818 0.648364 0.0638059 3 5 0
2.83907 0.64929 0.0636618 3 5 0
2.82999 0.650226 0.0635192 3 5 0
2.82094 0.651129 0.0633769 3 5 0
2.81191 0.652025 0.0632355 3 5 0
2.80292 0.652957 0.0630955 3 5 0
2.79395 0.653834 0.0629558 3 5 0
2.78502 0.65475 0.0628176 3 5 0
2.77613 0.655647 0.06268 3 5 0
2.76726 0.656528 0.0625437 3 5 0
2.75844 0.657383 0.0624078 3 5 0
2.74964 0.658271 0.0622735 3 5 0
2.74089 0.659142 0.0621396 3 5 0
2.73218 0.659978 0.0620074 3 5 0
2.7235 0.660849 0.0618755 3 5 0
2.71487 0.661696 0.061745 3 5 0
2.70628 0.662515 0.0616159 3 5 0
2.69774 0.663339 0.0614871 3 5 0
2.68924 0.664165 0.0613598 3 5 0
2.68079 0.665 0.0612336 3 5 0
2.67239 0.665801 0.0611087 3 5 0
2.66404 0.666586 0.0609845 3 5 0
2.65574 0.667397 0.0608618 3 5 0
2.6475 0.668173 0.0607399 3 5 0
2.63931 0.66894 0.0606198 3 5 0
2.63118 0.669719 0.0605002 3 5 0
2.62311 0.670463 0.0603824 3 5 0
2.6151 0.671222 0.0602655 3 5 0
2.60716 0.67194 0.0601499 3 5 0
2.59928 0.672668 0.0600357 3 5 0
2.59147 0.673403 0.059923 3 5 0
2.58374 0.674083 0.0598111 3 5 0
2.57607 0.674806 0.0597014 3 5 0
2.56849 0.675474 0.0595926 3 5 0
2.56098 0.676169 0.059485 3 5 0
2.55356 0.676836 0.0593792 3 5 0
2.54623 0.677491 0.0592751 3 5 0
2.53899 0.678113 0.0591721 3 5 0
2.53184 0.678754 0.0590712 3 5 0
2.52479 0.679375 0.0589716 3 5 0
2.51784 0.679968 0.0588739 3 5 0
2.511 0.680518 0.0587782 3 5 0
2.50427 0.681142 0.0586836 3 5 0
2.49767 0.681691 0.0585915 3 5 0
2.49118 0.682216 0.0585012 3 5 0
2.48483 0.682777 0.0584128 3 5 0
2.47861 0.683262 0.0583267 3 5 0
2.47254 0.683783 0.0582425 3 5 0
2.46662 0.68425 0.0581608 3 5 0
2.46087 0.684724 0.0580815 3 5 0
2.45528 0.685169 0.0580048 3 5 0
2.44988 0.685563 0.0579306 3 5 0
2.44467 0.685985 0.0578592 3 5 0
2.43967 0.686371 0.0577909 3 5 0
2.43488 0.686726 0.0577258 3 5 0
2.43033 0.687049 0.0576638 3 5 0
2.42603 0.687321 0.0576053 3 5 0
2.42199 0.687618 0.0575504 3 5 0
2.41824 0.68789 0.0574995 3 5 0
2.41479 0.688096 0.0574528 3 5 0
2.41166 0.688297 0.0574107 3 5 0
2.40887 0.688444 0.0573728 3 5 0
2.40644 0.688548 0.0573399 3 5 0
2.40437 0.68866 0.0573121 3 5 0
2.40269 0.688681 0.0572896 3 5 0
2.40141 0.688723 0.0572724 3 5 0
2.40053 0.688668 0.0572605 3 5 0
2.40003 0.68862 0.0572536 3 5 0
2.39986 0.688474 0.0572515 3 5 0
2.39985 0.68825 0.0572511 3 5 0
2.39984 0.688016 0.0572513 4 5 0
2.39984 0.687726 0.0572511 4 5 0
2.39984 0.687382 0.0572512 4 5 0
2.39984 0.687423 0.0572511 4 5 0
2.39984 0.687127 0.0572514 4 5 0
2.39984 0.686977 0.0572514 4 5 0
2.39984 0.686661 0.0572513 4 5 0
2.39984 0.686521 0.0572513 4 5 0
2.39984 0.686225 0.0572515 4 5 0
2.39984 0.686283 0.0572514 4 5 0
2.39984 0.685964 0.0572512 4 5 0
2.39984 0.685728 0.0572512 4 5 0
2.39984 0.685653 0.0572513 4 5 0
2.39984 0.685475 0.0572512 4 5 0
2.39984 0.685286 0.0572513 4 5 0
2.39984 0.685532 0.0572512 4 5 0
2.39984 0.685352 0.0572514 4 5 0
2.39984 0.685208 0.0572512 4 5 0
2.39984 0.685154 0.0572512 4 5 0
2.39984 0.685021 0.0572512 4 5 0
2.39984 0.684957 0.0572513 4 5 0
2.39984 0.684939 0.0572514 4 5 0
2.39984 0.684876 0.0572512 4 5 0
2.39984 0.684859 0.0572513 4 5 0
2.39984 0.684886 0.0572514 4 5 0
2.39984 0.684877 0.0572513 4 5 0
2.39984 0.684877 0.0572512 4 5 0
2.39984 0.684838 0.0572512 4 5 0
2.39984 0.684884 0.0572512 4 5 0
2.39984 0.684862 0.0572515 4 5 0
2.39984 0.684883 0.0572515 4 5 0
2.39984 0.684859 0.0572512 4 5 0
2.39984 0.684881 0.0572513 4 5 0
2.39984 0.684823 0.0572512 4 5 0
2.39984 0.684818 0.0572512 4 5 0
2.39984 0.684867 0.0572516 4 5 0
2.39984 0.684879 0.0572515 4 5 0
2.39984 0.684861 0.0572513 4 5 0
2.39984 0.684869 0.0572514 4 5 0
2.39984 0.684884 0.0572513 4 5 0
2.39984 0.684884 0.0572512 4 5 0
2.39984 0.684792 0.0572513 4 5 0
2.39984 0.684636 0.0572512 4 5 0
2.39988 0.684549 0.0572517 4 5 0
2.39984 0.684884 0.0572512 4 5 0
2.39984 0.684862 0.0572514 4 5 0
2.39975 0.684172 0.0572501 4 5 0
2.39984 0.684855 0.0572517 4 5 0
2.39984 0.684836 0.0572512 4 5 0
2.39984 0.68463 0.0572514 4 5 0
2.39984 0.684832 0.0572512 4 5 0
2.39984 0.684842 0.0572512 4 5 0
2.39971 0.683959 0.0572494 4 5 0
2.39984 0.684812 0.0572516 4 5 0
2.39984 0.684714 0.0572516 4 5 0
2.39984 0.684753 0.0572518 4 5 0
2.39984 0.684806 0.0572511 4 5 0
2.39984 0.684881 0.0572516 4 5 0
2.39984 0.684836 0.0572517 4 5 0
2.39984 0.684816 0.0572514 4 5 0
2.39984 0.684882 0.0572513 4 5 0
2.39985 0.684832 0.0572514 4 5 0
2.39984 0.684867 0.0572512 4 5 0
2.39984 0.684883 0.0572512 4 5 0
2.39984 0.68488 0.0572514 4 5 0
2.39984 0.684836 0.0572518 4 5 0
2.39984 0.684864 0.0572513 4 5 0
2.39984 0.684776 0.0572514 4 5 0
2.39985 0.684727 0.0572513 4 5 0
2.39984 0.684883 0.0572513 4 5 0
2.39985 0.684583 0.0572515 4 5 0
2.39984 0.684789 0.0572519 4 5 0
2.39984 0.68488 0.0572514 4 5 0
2.39985 0.684834 0.0572518 4 5 0
2.39984 0.684878 0.0572512 4 5 0
2.39984 0.684798 0.0572512 4 5 0
2.39984 0.684878 0.0572517 4 5 0
2.39984 0.684884 0.0572512 4 5 0
2.39984 0.684809 0.0572514 4 5 0
2.39984 0.684791 0.0572514 4 5 0
2.39984 0.684762 0.0572512 4 5 0
2.39984 0.68488 0.0572515 4 5 0
2.39985 0.684763 0.0572513 4 5 0
2.39985 0.684862 0.0572513 4 5 0
