0 0.0805296 0.0805296 2 1 0
3.42351e-05 0.0805296 0.0805296 1 1 0
6.87703e-05 0.0805297 0.0805297 1 1 0
0.000138751 0.0805302 0.0805302 1 1 0
0.000282422 0.0805321 0.0805321 1 1 0
0.00046916 0.0805364 0.0805364 1 1 0
0.0006641 0.080543 0.080543 1 1 0
0.000867505 0.0805522 0.0805522 1 1 0
0.00107962 0.0805642 0.0805642 1 1 0
0.00130065 0.0805792 0.0805792 1 1 0
0.00153076 0.0805975 0.0805975 1 1 0
0.00177007 0.0806193 0.0806193 1 1 0
0.00201861 0.0806448 0.0806448 1 1 0
0.00227632 0.0806745 0.0806745 1 1 0
0.00254305 0.0807084 0.0807084 1 1 0
0.00281852 0.0807468 0.0807468 1 1 0
0.00310235 0.0807901 0.0807901 1 1 0
0.003394 0.0808383 0.0808383 1 1 0
0.0036928 0.0808916 0.0808916 1 1 0
0.00399795 0.0809501 0.0809501 1 1 0
0.00430857 0.081014 0.081014 1 1 0
0.00462367 0.0810831 0.0810831 1 1 0
0.0049422 0.0811575 0.0811575 1 1 0
0.00526309 0.0812371 0.0812371 1 1 0
0.00558531 0.0813218 0.0813218 1 1 0
0.00590782 0.0814113 0.0814113 1 1 0
0.0062297 0.0815056 0.0815056 1 1 0
0.00655007 0.0816043 0.0816043 1 1 0
0.00686817 0.0817073 0.0817073 1 1 0
0.00718335 0.0818143 0.0818143 1 1 0
0.00749504 0.0819252 0.0819252 1 1 0
0.00780279 0.0820396 0.0820396 1 1 0
0.00810624 0.0821575 0.0821575 1 1 0
0.00840508 0.0822786 0.0822786 1 1 0
0.00869912 0.0824027 0.0824027 1 1 0
0.00898818 0.0825296 0.0825296 1 1 0
0.00927219 0.0826594 0.0826594 1 1 0
0.00955106 0.0827917 0.0827917 1 1 0
0.00982479 0.0829264 0.0829264 1 1 0
0.0100934 0.0830636 0.0830636 1 1 0
0.0103569 0.083203 0.083203 1 1 0
0.0106153 0.0833446 0.0833446 1 1 0
0.0108688 0.0834884 0.0834884 1 1 0
0.0111173 0.0836341 0.0836341 1 1 0
0.011361 0.0837819 0.0837819 1 1 0
0.0115999 0.0839316 0.0839316 1 1 0
0.0118342 0.0840831 0.0840831 1 1 0
0.012064 0.0842365 0.0842365 1 1 0
0.0122893 0.0843917 0.0843917 1 1 0
0.0125103 0.0845486 0.0845486 1 1 0
0.012727 0.0847073 0.0847073 1 1 0
0.0129395 0.0848677 0.0848677 1 1 0
0.013148 0.0850297 0.0850297 1 1 0
0.0133525 0.0851934 0.0851934 1 1 0
0.0135532 0.0853588 0.0853588 1 1 0
0.0137501 0.0855257 0.0855257 1 1 0
0.0139433 0.0856943 0.0856943 1 1 0
0.0141329 0.0858644 0.0858644 1 1 0
0.014319 0.0860362 0.0860362 1 1 0
0.0145017 0.0862095 0.0862095 1 1 0
0.014681 0.0863843 0.0863843 1 1 0
0.0148146 0.086518 0.086518 1 1 0
0.0149885 0.0866956 0.0866956 2 1 0
0.015159 0.0868747 0.0868747 2 1 0
0.0153264 0.0870553 0.0870553 2 1 0
0.0154909 0.0872374 0.0872374 2 1 0
0.0156524 0.0874211 0.0874211 2 1 0
0.0158111 0.0876063 0.0876063 2 1 0
0.0159669 0.0877929 0.0877929 2 1 0
0.0161201 0.0879811 0.0879811 2 1 0
0.0162706 0.0881708 0.0881708 2 1 0
0.0164185 0.0883619 0.0883619 2 1 0
0.0165638 0.0885546 0.0885546 2 1 0
0.0167067 0.0887487 0.0887487 2 1 0
0.0168471 0.0889443 0.0889443 2 1 0
0.0169852 0.0891415 0.0891415 2 1 0
0.017121 0.0893401 0.0893401 2 1 0
0.0172545 0.0895401 0.0895401 2 1 0
0.0173857 0.0897417 0.0897417 2 1 0
0.0175149 0.0899447 0.0899447 2 1 0
0.0176419 0.0901492 0.0901492 2 1 0
0.0177668 0.0903552 0.0903552 2 1 0
0.0178898 0.0905626 0.0905626 2 1 0
0.0180108 0.0907715 0.0907715 2 1 0
0.0181298 0.0909819 0.0909819 2 1 0
0.018247 0.0911937 0.0911937 2 1 0
0.0183624 0.091407 0.091407 2 1 0
0.0184759 0.0916218 0.0916218 2 1 0
0.0185878 0.091838 0.091838 2 1 0
0.0186979 0.0920557 0.0920557 2 1 0
0.0188064 0.0922748 0.0922748 2 1 0
0.0189132 0.0924954 0.0924954 2 1 0
0.0190185 0.0927174 0.0927174 2 1 0
0.0191222 0.0929409 0.0929409 2 1 0
0.0192245 0.0931658 0.0931658 2 1 0
0.0193253 0.0933921 0.0933921 2 1 0
0.0194247 0.0936199 0.0936199 2 1 0
0.0195227 0.0938491 0.0938491 2 1 0
0.0196193 0.0940798 0.0940798 2 1 0
0.0197147 0.0943118 0.0943118 2 1 0
0.0198087 0.0945453 0.0945453 2 1 0
0.0199016 0.0947802 0.0947802 2 1 0
0.0199933 0.0950165 0.0950165 2 1 0
0.0200838 0.0952543 0.0952543 2 1 0
0.0201731 0.0954934 0.0954934 2 1 0
0.0202614 0.0957339 0.0957339 2 1 0
0.0203487 0.0959758 0.0959758 2 1 0
0.0204349 0.0962191 0.0962191 2 1 0
0.0205201 0.0964637 0.0964637 2 1 0
0.0206044 0.0967098 0.0967098 2 1 0
0.0206878 0.0969572 0.0969572 2 1 0
0.0207702 0.097206 0.097206 2 1 0
0.0208519 0.0974561 0.0974561 2 1 0
0.0209327 0.0977075 0.0977075 2 1 0
0.0210127 0.0979603 0.0979603 2 1 0
0.021092 0.0982145 0.0982145 2 1 0
0.0211706 0.0984699 0.0984699 2 1 0
0.0212485 0.0987267 0.0987267 2 1 0
0.0213257 0.0989847 0.0989847 2 1 0
0.0214023 0.0992441 0.0992441 2 1 0
0.0214783 0.0995047 0.0995047 2 1 0
0.0215537 0.0997666 0.0997666 2 1 0
0.0216287 0.10003 0.10003 2 1 0
0.0217031 0.100294 0.100294 2 1 0
0.021777 0.10056 0.10056 2 1 0
0.0218506 0.100827 0.100827 2 1 0
0.0219237 0.101095 0.101095 2 1 0
0.0219964 0.101364 0.101364 2 1 0
0.0220688 0.101635 0.101635 2 1 0
0.0221409 0.101906 0.101906 2 1 0
0.0222126 0.102179 0.102179 2 1 0
0.0222842 0.102453 0.102453 2 1 0
0.0223555 0.102728 0.102728 2 1 0
0.0224266 0.103005 0.103005 2 1 0
0.0224975 0.103282 0.103282 2 1 0
0.0225683 0.103561 0.103561 2 1 0
0.022639 0.10384 0.10384 2 1 0
0.0227096 0.104121 0.104121 2 1 0
0.0227802 0.104402 0.104402 2 1 0
0.0228507 0.104685 0.104685 2 1 0
0.0229212 0.104969 0.104969 2 1 0
0.0229918 0.105253 0.105253 2 1 0
0.0230624 0.105539 0.105539 2 1 0
0.0231331 0.105826 0.105826 2 1 0
0.023204 0.106113 0.106113 2 1 0
0.023275 0.106401 0.106401 2 1 0
0.0233461 0.106691 0.106691 2 1 0
0.0234175 0.106981 0.106981 2 1 0
0.0234891 0.107272 0.107272 2 1 0
0.0235609 0.107564 0.107564 2 1 0
0.023633 0.107856 0.107856 2 1 0
0.0237055 0.10815 0.10815 2 1 0
0.0237782 0.108444 0.108444 2 1 0
0.0238514 0.108739 0.108739 2 1 0
0.0239249 0.109034 0.109034 2 1 0
0.0239989 0.109331 0.109331 2 1 0
0.0240732 0.109627 0.109627 2 1 0
0.0241481 0.109925 0.109925 2 1 0
0.0242235 0.110223 0.110223 2 1 0
0.0242994 0.110522 0.110522 2 1 0
0.0243758 0.110821 0.110821 2 1 0
0.0244528 0.11112 0.11112 2 1 0
0.0245304 0.111421 0.111421 2 1 0
0.0246086 0.111721 0.111721 2 1 0
0.0246875 0.112022 0.112022 2 1 0
0.0247671 0.112324 0.112324 2 1 0
0.0248474 0.112625 0.112625 2 1 0
0.0249284 0.112927 0.112927 2 1 0
0.0250101 0.113229 0.113229 2 1 0
0.0250926 0.113532 0.113532 2 1 0
0.025176 0.113835 0.113835 2 1 0
0.0252601 0.114138 0.114138 2 1 0
0.0253451 0.114441 0.114441 2 1 0
0.025431 0.114744 0.114744 2 1 0
0.0255177 0.115047 0.115047 2 1 0
0.0256054 0.11535 0.11535 2 1 0
0.0256941 0.115653 0.115653 2 1 0
0.0257837 0.115957 0.115957 2 1 0
0.0258743 0.11626 0.11626 2 1 0
0.0259659 0.116563 0.116563 2 1 0
0.0260585 0.116865 0.116865 2 1 0
0.0261522 0.117168 0.117168 2 1 0
0.026247 0.11747 0.11747 2 1 0
0.0263428 0.117772 0.117772 2 1 0
0.0264398 0.118074 0.118074 2 1 0
0.0265379 0.118375 0.118375 2 1 0
0.0266372 0.118676 0.118676 2 1 0
0.0267377 0.118976 0.118976 2 1 0
0.0268394 0.119276 0.119276 2 1 0
0.0269423 0.119576 0.119576 2 1 0
0.0270464 0.119874 0.119874 2 1 0
0.0271518 0.120172 0.120172 2 1 0
0.0272585 0.12047 0.12047 2 1 0
0.0273665 0.120767 0.120767 2 1 0
0.0274758 0.121062 0.121062 2 1 0
0.0275864 0.121358 0.121358 2 1 0
0.0276984 0.121652 0.121652 2 1 0
0.0278117 0.121945 0.121945 2 1 0
0.0279264 0.122238 0.122238 2 1 0
0.0280426 0.122529 0.122529 2 1 0
0.0281601 0.122819 0.122819 2 1 0
0.0282791 0.123109 0.123109 2 1 0
0.0283995 0.123397 0.123397 2 1 0
0.0285214 0.123684 0.123684 2 1 0
0.0286448 0.123969 0.123969 2 1 0
0.0287697 0.124254 0.124254 2 1 0
0.028896 0.124537 0.124537 2 1 0
0.0290239 0.124819 0.124819 2 1 0
0.0291534 0.125099 0.125099 2 1 0
0.0292843 0.125378 0.125378 2 1 0
0.0294169 0.125656 0.125656 2 1 0
0.0295509 0.125932 0.125932 2 1 0
0.0296866 0.126206 0.126206 2 1 0
0.0298239 0.126479 0.126479 2 1 0
0.0299628 0.12675 0.12675 2 1 0
0.0301032 0.12702 0.12702 2 1 0
0.0302454 0.127287 0.127287 2 1 0
0.0303891 0.127553 0.127553 2 1 0
0.0305345 0.127818 0.127818 2 1 0
0.0306815 0.12808 0.12808 2 1 0
0.0308302 0.12834 0.12834 2 1 0
0.0309806 0.128599 0.128599 2 1 0
0.0311326 0.128855 0.128855 2 1 0
0.0312864 0.12911 0.12911 2 1 0
0.0314418 0.129362 0.129362 2 1 0
0.0315989 0.129613 0.129613 2 1 0
0.0317578 0.129861 0.129861 2 1 0
0.0319184 0.130107 0.130107 2 1 0
0.0320806 0.130351 0.130351 2 1 0
0.0322447 0.130593 0.130593 2 1 0
0.0324104 0.130833 0.130833 2 1 0
0.0325779 0.13107 0.13107 2 1 0
0.0327472 0.131305 0.131305 2 1 0
0.0329182 0.131538 0.131538 2 1 0
0.0330909 0.131769 0.131769 2 1 0
0.0332655 0.131997 0.131997 2 1 0
0.0334418 0.132222 0.132222 2 1 0
0.0336199 0.132446 0.132446 2 1 0
0.0337998 0.132667 0.132667 2 1 0
0.0339815 0.132885 0.132885 2 1 0
0.034165 0.133101 0.133101 2 1 0
0.0343503 0.133315 0.133315 2 1 0
0.0345375 0.133526 0.133526 2 1 0
0.0347264 0.133734 0.133734 2 1 0
0.0349172 0.13394 0.13394 2 1 0
0.0351099 0.134143 0.134143 2 1 0
0.0353044 0.134344 0.134344 2 1 0
0.0355007 0.134542 0.134542 2 1 0
0.035699 0.134738 0.134738 2 1 0
0.0358991 0.134931 0.134931 2 1 0
0.0361011 0.135121 0.135121 2 1 0
0.036305 0.135309 0.135309 2 1 0
0.0365108 0.135494 0.135494 2 1 0
0.0367185 0.135677 0.135677 2 1 0
0.0369282 0.135857 0.135857 2 1 0
0.0371398 0.136034 0.136034 2 1 0
0.0373534 0.136209 0.136209 2 1 0
0.037569 0.136381 0.136381 2 1 0
0.0377866 0.13655 0.13655 2 1 0
0.0380062 0.136717 0.136717 2 1 0
0.0382278 0.136881 0.136881 2 1 0
0.0384515 0.137043 0.137043 2 1 0
0.0386773 0.137202 0.137202 2 1 0
0.0389051 0.137358 0.137358 2 1 0
0.0391351 0.137512 0.137512 2 1 0
0.0393672 0.137663 0.137663 2 1 0
0.0396014 0.137811 0.137811 2 1 0
0.0398379 0.137957 0.137957 2 1 0
0.0400765 0.1381 0.1381 2 1 0
0.0403174 0.138241 0.138241 2 1 0
0.0405606 0.138379 0.138379 2 1 0
0.0408061 0.138515 0.138515 2 1 0
0.041054 0.138648 0.138648 2 1 0
0.0413042 0.138778 0.138778 2 1 0
0.0415568 0.138906 0.138906 2 1 0
0.0418119 0.139032 0.139032 2 1 0
0.0420695 0.139155 0.139155 2 1 0
0.0423296 0.139276 0.139276 2 1 0
0.0425922 0.139394 0.139394 2 1 0
0.0428576 0.13951 0.13951 2 1 0
0.0431255 0.139623 0.139623 2 1 0
0.0433963 0.139734 0.139734 2 1 0
0.0436698 0.139843 0.139843 2 1 0
0.0439461 0.139949 0.139949 2 1 0
0.0442253 0.140053 0.140053 2 1 0
0.0445075 0.140155 0.140155 2 1 0
0.0447927 0.140254 0.140254 2 1 0
0.045081 0.140352 0.140352 2 1 0
0.0453724 0.140447 0.140447 2 1 0
0.0456671 0.140539 0.140539 2 1 0
0.0459651 0.14063 0.14063 2 1 0
0.0462664 0.140718 0.140718 2 1 0
0.0465712 0.140805 0.140805 2 1 0
0.0468796 0.140889 0.140889 2 1 0
0.0471916 0.140971 0.140971 2 1 0
0.0475073 0.141051 0.141051 2 1 0
0.0478269 0.141129 0.141129 2 1 0
0.0481503 0.141206 0.141206 2 1 0
0.0484779 0.14128 0.14128 2 1 0
0.0488095 0.141352 0.141352 2 1 0
0.0491454 0.141422 0.141422 2 1 0
0.0494857 0.141491 0.141491 2 1 0
0.0498305 0.141557 0.141557 2 1 0
0.0501799 0.141622 0.141622 2 1 0
0.0505341 0.141685 0.141685 2 1 0
0.0508932 0.141746 0.141746 2 1 0
0.0512573 0.141806 0.141806 2 1 0
0.0516267 0.141863 0.141863 2 1 0
0.0520014 0.14192 0.14192 2 1 0
0.0523816 0.141974 0.141974 2 1 0
0.0527675 0.142027 0.142027 2 1 0
0.0531593 0.142078 0.142078 2 1 0
0.0535572 0.142128 0.142128 2 1 0
0.0539613 0.142176 0.142176 2 1 0
0.0543719 0.142222 0.142222 2 1 0
0.0547892 0.142268 0.142268 2 1 0
0.0552134 0.142311 0.142311 2 1 0
0.0556447 0.142353 0.142353 2 1 0
0.0560834 0.142394 0.142394 2 1 0
0.0565298 0.142434 0.142434 2 1 0
0.056984 0.142472 0.142472 2 1 0
0.0574465 0.142509 0.142509 2 1 0
0.0579174 0.142545 0.142545 2 1 0
0.0583971 0.142579 0.142579 2 1 0
0.0588859 0.142612 0.142612 2 1 0
0.0593842 0.142644 0.142644 2 1 0
0.0598923 0.142675 0.142675 2 1 0
0.0604105 0.142704 0.142704 2 1 0
0.0609393 0.142733 0.142733 2 1 0
0.0614791 0.14276 0.14276 2 1 0
0.0620303 0.142787 0.142787 2 1 0
0.0625933 0.142812 0.142812 2 1 0
0.0631687 0.142836 0.142836 2 1 0
0.0637569 0.14286 0.14286 2 1 0
0.0643585 0.142882 0.142882 2 1 0
0.064974 0.142904 0.142904 2 1 0
0.065604 0.142924 0.142924 2 1 0
0.0662492 0.142944 0.142944 2 1 0
0.0669101 0.142963 0.142963 2 1 0
0.0675876 0.142981 0.142981 2 1 0
0.0682824 0.142998 0.142998 2 1 0
0.0689951 0.143014 0.143014 2 1 0
0.0697268 0.14303 0.14303 2 1 0
0.0704782 0.143045 0.143045 2 1 0
0.0712502 0.143059 0.143059 2 1 0
0.072044 0.143073 0.143073 2 1 0
0.0728605 0.143086 0.143086 2 1 0
0.073701 0.143098 0.143098 2 1 0
0.0745665 0.14311 0.14311 2 1 0
0.0754584 0.143121 0.143121 2 1 0
0.0763781 0.143131 0.143131 2 1 0
0.0773271 0.143141 0.143141 2 1 0
0.0783069 0.14315 0.14315 2 1 0
0.0793193 0.143159 0.143159 2 1 0
0.0803661 0.143167 0.143167 2 1 0
0.0814493 0.143175 0.143175 2 1 0
0.0825709 0.143183 0.143183 2 1 0
0.0837333 0.14319 0.14319 2 1 0
0.084939 0.143196 0.143196 2 1 0
0.0861905 0.143202 0.143202 2 1 0
0.0874909 0.143208 0.143208 2 1 0
0.0888432 0.143213 0.143213 2 1 0
0.0902508 0.143218 0.143218 2 1 0
0.0917175 0.143223 0.143223 2 1 0
0.0932472 0.143227 0.143227 2 1 0
0.0948443 0.143231 0.143231 2 1 0
0.0965135 0.143235 0.143235 2 1 0
0.0982602 0.143238 0.143238 2 1 0
0.10009 0.143242 0.143242 2 1 0
0.102009 0.143244 0.143244 2 1 0
0.104024 0.143247 0.143247 2 1 0
0.106143 0.14325 0.14325 2 1 0
0.106396 0.14325 0.14325 2 1 0
0.108633 0.143252 0.143252 1 1 0
0.110998 0.143254 0.143254 1 1 0
0.113495 0.143256 0.143256 1 1 0
0.116134 0.143258 0.143258 1 1 0
0.118926 0.143259 0.143259 1 1 0
0.121886 0.143261 0.143261 1 1 0
0.125025 0.143262 0.143262 1 1 0
0.12836 0.143263 0.143263 1 1 0
0.131906 0.143264 0.143264 1 1 0
0.135679 0.143265 0.143265 1 1 0
0.139696 0.143265 0.143265 1 1 0
0.143975 0.143266 0.143266 1 1 0
0.148533 0.143267 0.143267 1 1 0
0.153386 0.143267 0.143267 1 1 0
0.15855 0.143268 0.143268 1 1 0
0.164037 0.143268 0.143268 1 1 0
0.169856 0.143268 0.143268 1 1 0
0.176012 0.143269 0.143269 1 1 0
0.182505 0.143269 0.143269 1 1 0
0.18933 0.143269 0.143269 1 1 0
0.196477 0.143269 0.143269 1 1 0
0.20393 0.143269 0.143269 1 1 0
0.211669 0.143269 0.143269 1 1 0
0.219672 0.14327 0.14327 1 1 0
0.227915 0.14327 0.14327 1 1 0
0.236373 0.14327 0.14327 1 1 0
0.245022 0.14327 0.14327 1 1 0
0.253838 0.14327 0.14327 1 1 0
0.2628 0.14327 0.14327 1 1 0
0.271889 0.14327 0.14327 1 1 0
0.281088 0.14327 0.14327 1 1 0
0.290382 0.14327 0.14327 1 1 0
0.299758 0.14327 0.14327 1 1 0
0.309203 0.14327 0.14327 1 1 0
0.31871 0.14327 0.14327 1 1 0
0.328269 0.14327 0.14327 1 1 0
0.337873 0.14327 0.14327 1 1 0
0.347517 0.14327 0.14327 1 1 0
0.357195 0.14327 0.14327 1 1 0
0.366902 0.14327 0.14327 1 1 0
0.376637 0.14327 0.14327 1 1 0
0.386394 0.14327 0.14327 1 1 0
0.396171 0.14327 0.14327 1 1 0
0.405966 0.14327 0.14327 1 1 0
0.415777 0.14327 0.14327 1 1 0
0.425601 0.14327 0.14327 1 1 0
0.435438 0.14327 0.14327 1 1 0
0.445286 0.14327 0.14327 1 1 0
0.455144 0.14327 0.14327 1 1 0
0.465011 0.14327 0.14327 1 1 0
0.474886 0.14327 0.14327 1 1 0
0.484768 0.14327 0.14327 1 1 0
0.494657 0.14327 0.14327 1 1 0
0.504551 0.14327 0.14327 1 1 0
0.514451 0.14327 0.14327 1 1 0
0.524356 0.14327 0.14327 1 1 0
0.534266 0.14327 0.14327 1 1 0
0.54418 0.14327 0.14327 1 1 0
0.554098 0.14327 0.14327 1 1 0
0.564019 0.14327 0.14327 1 1 0
0.573943 0.14327 0.14327 1 1 0
0.583871 0.14327 0.14327 1 1 0
0.593801 0.14327 0.14327 1 1 0
0.603734 0.14327 0.14327 1 1 0
0.61367 0.14327 0.14327 1 1 0
0.623608 0.14327 0.14327 1 1 0
0.633547 0.14327 0.14327 1 1 0
0.643489 0.14327 0.14327 1 1 0
0.653433 0.14327 0.14327 1 1 0
0.663378 0.14327 0.14327 1 1 0
0.673326 0.14327 0.14327 1 1 0
0.683274 0.14327 0.14327 1 1 0
0.693224 0.14327 0.14327 1 1 0
0.703176 0.14327 0.14327 1 1 0
0.713129 0.14327 0.14327 1 1 0
0.723083 0.14327 0.14327 1 1 0
0.733038 0.14327 0.14327 1 1 0
0.742994 0.14327 0.14327 1 1 0
0.752952 0.14327 0.14327 1 1 0
0.76291 0.14327 0.14327 1 1 0
0.77287 0.14327 0.14327 1 1 0
0.78283 0.14327 0.14327 1 1 0
0.792791 0.14327 0.14327 1 1 0
0.802754 0.14327 0.14327 1 1 0
0.812716 0.14327 0.14327 1 1 0
0.82268 0.14327 0.14327 1 1 0
0.832645 0.14327 0.14327 1 1 0
0.84261 0.14327 0.14327 1 1 0
0.852576 0.14327 0.14327 1 1 0
0.862542 0.14327 0.14327 1 1 0
0.872509 0.14327 0.14327 1 1 0
0.882477 0.14327 0.14327 1 1 0
0.892445 0.14327 0.14327 1 1 0
0.902414 0.14327 0.14327 1 1 0
0.912384 0.14327 0.14327 1 1 0
0.922354 0.14327 0.14327 1 1 0
0.932324 0.14327 0.14327 1 1 0
0.942296 0.14327 0.14327 1 1 0
0.952267 0.14327 0.14327 1 1 0
0.962239 0.14327 0.14327 1 1 0
0.972211 0.14327 0.14327 1 1 0
0.982184 0.14327 0.14327 1 1 0
0.992158 0.14327 0.14327 1 1 0
1.00213 0.14327 0.14327 1 1 0
0.0148149 0.086518 0.086518 4 2 0
0.0148156 0.0869741 0.0860701 3 2 0
0.0148189 0.0876225 0.0854599 3 2 0
0.0148247 0.0882002 0.0849401 3 2 0
0.0148325 0.0887182 0.0844906 3 2 0
0.0148426 0.0892008 0.0840841 3 2 0
0.0148551 0.089661 0.0837059 3 2 0
0.0148764 0.0902567 0.0832272 3 2 0
0.0148924 0.0906173 0.0829421 3 2 0
0.0149493 0.0916059 0.0821725 4 2 0
0.0150375 0.0927061 0.0813246 4 2 0
0.0151316 0.0936356 0.0806074 4 2 0
0.0152292 0.094458 0.0799678 4 2 0
0.015329 0.0952059 0.07938 4 2 0
0.0154303 0.0958981 0.0788288 4 2 0
0.0155329 0.0965474 0.0783045 4 2 0
0.0156362 0.0971641 0.0777997 4 2 0
0.0157402 0.0977576 0.0773084 4 2 0
0.0158444 0.0983376 0.0768248 4 2 0
0.0158537 0.0983891 0.0767818 4 2 0
0.0159576 0.0989682 0.0762999 4 2 0
0.0159873 0.0991368 0.0761606 4 2 0
0.0160897 0.0997422 0.0756684 4 2 0
0.016189 0.100406 0.0751527 4 2 0
0.0162896 0.101325 0.0745074 4 2 0
0.016314 0.102899 0.0736787 4 2 0
0.0162224 0.104226 0.0732024 4 2 0
0.0161874 0.105315 0.0727603 4 2 0
0.0161793 0.106071 0.072434 4 2 0
0.0161763 0.107398 0.0718593 4 2 0
0.0161783 0.108692 0.0713112 4 2 0
0.0161819 0.109979 0.0707828 4 2 0
0.0161859 0.111272 0.0702711 4 2 0
0.0161862 0.111364 0.0702354 4 2 0
0.0161905 0.112669 0.0697391 4 2 0
0.0161938 0.113656 0.0693764 4 2 0
0.0161983 0.114994 0.0689015 4 2 0
0.0161994 0.115324 0.0687874 4 2 0
0.0162041 0.116696 0.0683252 4 2 0
0.0162088 0.118102 0.0678719 4 2 0
0.0162137 0.119547 0.0674267 4 2 0
0.0162177 0.120716 0.0670818 4 2 0
0.0162228 0.12225 0.0666489 4 2 0
0.0162281 0.123846 0.0662218 4 2 0
0.0162327 0.125254 0.065864 4 2 0
0.0162382 0.126992 0.0654461 4 2 0
0.016244 0.128826 0.0650322 4 2 0
0.0162499 0.130775 0.0646218 4 2 0
0.0162557 0.132715 0.0642419 4 2 0
0.0162621 0.134953 0.0638368 4 2 0
0.0162688 0.137391 0.0634335 4 2 0
0.0162703 0.137946 0.063347 4 2 0
0.0162774 0.140696 0.0629452 4 2 0
0.016285 0.143786 0.062544 4 2 0
0.0162931 0.147329 0.0621428 4 2 0
0.016302 0.151572 0.0617346 4 2 0
0.0163118 0.156695 0.0613317 4 2 0
0.0163129 0.15729 0.0612905 4 2 0
0.0163245 0.164157 0.0608863 4 2 0
0.0163392 0.174242 0.060482 4 2 0
0.0163638 0.193594 0.060107 4 2 0
0.0164236 0.237114 0.0602214 4 2 0
0.0164255 0.238304 0.060236 4 2 0
0.0164469 0.251221 0.0604225 4 2 0
0.0164682 0.263184 0.060638 4 2 0
0.0164879 0.273666 0.0608572 4 2 0
0.0165069 0.283438 0.0610854 4 2 0
0.0165255 0.292648 0.0613206 4 2 0
0.016525 0.292387 0.0613137 4 2 0
0.0165431 0.30114 0.0615545 4 2 0
0.0165607 0.309493 0.0618002 4 2 0
0.016578 0.3175 0.0620503 4 2 0
0.0165775 0.317303 0.062044 4 2 0
0.0165944 0.325002 0.0622978 4 2 0
0.0166143 0.333957 0.0626097 4 2 0
0.0166304 0.341065 0.0628707 4 2 0
0.0166461 0.347937 0.0631344 4 2 0
0.0166541 0.351383 0.063271 4 2 0
0.0166693 0.357919 0.0635384 4 2 0
0.0166843 0.364251 0.063808 4 2 0
0.016699 0.37039 0.0640795 4 2 0
0.0166991 0.370452 0.0640822 4 2 0
0.0167135 0.376396 0.0643553 4 2 0
0.0167272 0.381989 0.0646217 4 2 0
0.0167411 0.387586 0.0648977 4 2 0
0.0167512 0.391589 0.0651012 4 2 0
0.0167647 0.396886 0.065379 4 2 0
0.0167665 0.397605 0.0654175 4 2 0
0.0167798 0.402712 0.0656961 4 2 0
0.0167928 0.407658 0.0659752 4 2 0
0.0168057 0.412441 0.0662546 4 2 0
0.0168184 0.417063 0.066534 4 2 0
0.0168309 0.421518 0.0668134 4 2 0
0.0168432 0.425817 0.0670923 4 2 0
0.0168495 0.42798 0.0672367 4 2 0
0.0168615 0.432027 0.0675145 4 2 0
0.0168692 0.434561 0.0676941 4 2 0
0.016881 0.438327 0.0679699 4 2 0
0.0168872 0.44027 0.0681168 4 2 0
0.0168986 0.443764 0.0683899 4 2 0
0.0169099 0.44707 0.0686609 4 2 0
0.0169218 0.450406 0.0689485 4 2 0
0.0169327 0.453299 0.0692132 4 2 0
0.0169432 0.455968 0.0694735 4 2 0
0.0169536 0.458409 0.0697299 4 2 0
0.0169637 0.460598 0.0699811 4 2 0
0.0169735 0.46251 0.0702262 4 2 0
0.0169829 0.464112 0.0704636 4 2 0
0.0169919 0.46536 0.0706922 4 2 0
0.0170006 0.466181 0.0709093 4 2 0
0.0170144 0.466443 0.0711083 3 2 0
0.0170645 0.466083 0.0712682 3 2 0
0.017176 0.465509 0.0713707 3 2 0
0.01733 0.465029 0.0714292 3 2 0
0.0175135 0.464679 0.0714594 3 2 0
0.0177203 0.464447 0.0714691 3 2 0
0.0179468 0.464321 0.0714625 3 2 0
0.0181905 0.464287 0.0714426 3 2 0
0.0184496 0.464332 0.0714114 3 2 0
0.0187231 0.464452 0.0713701 3 2 0
0.0190097 0.464635 0.0713202 3 2 0
0.0193089 0.464878 0.0712625 3 2 0
0.0196198 0.465174 0.0711978 3 2 0
0.0199421 0.46552 0.071127 3 2 0
0.0202752 0.465912 0.0710505 3 2 0
0.0206187 0.466345 0.0709688 3 2 0
0.0209723 0.466818 0.0708825 3 2 0
0.0213357 0.46733 0.070792 3 2 0
0.0217087 0.467875 0.0706975 3 2 0
0.022091 0.468453 0.0705996 3 2 0
0.0224826 0.469059 0.0704986 3 2 0
0.0228832 0.469696 0.0703945 3 2 0
0.0232928 0.470362 0.0702878 3 2 0
0.0237112 0.471053 0.0701785 3 2 0
0.0241385 0.471767 0.0700671 3 2 0
0.0245745 0.472506 0.0699536 3 2 0
0.0250192 0.47327 0.0698382 3 2 0
0.0254727 0.474055 0.0697211 3 2 0
0.025935 0.474859 0.0696024 3 2 0
0.0264061 0.475685 0.0694824 3 2 0
0.026886 0.476531 0.069361 3 2 0
0.0273749 0.477394 0.0692384 3 2 0
0.0278728 0.478276 0.0691147 3 2 0
0.0283797 0.479175 0.06899 3 2 0
0.0288959 0.480089 0.0688645 3 2 0
0.0294213 0.481021 0.0687382 3 2 0
0.0299561 0.481967 0.0686111 3 2 0
0.0305005 0.482927 0.0684832 3 2 0
0.0310545 0.4839 0.0683549 3 2 0
0.0316183 0.48489 0.068226 3 2 0
0.0321921 0.485892 0.0680967 3 2 0
0.0327759 0.486903 0.0679669 3 2 0
0.03337 0.487929 0.0678368 3 2 0
0.0339745 0.488966 0.0677063 3 2 0
0.0345894 0.490014 0.0675756 3 2 0
0.0352151 0.49107 0.0674447 3 2 0
0.0358516 0.492137 0.0673135 3 2 0
0.0364992 0.493211 0.0671821 3 2 0
0.0371579 0.494296 0.0670507 3 2 0
0.0378279 0.495389 0.0669192 3 2 0
0.0385095 0.496488 0.0667875 3 2 0
0.0392027 0.497598 0.0666559 3 2 0
0.0399077 0.498711 0.0665242 3 2 0
0.0406247 0.499832 0.0663926 3 2 0
0.0413539 0.500961 0.0662609 3 2 0
0.0420954 0.502093 0.0661293 3 2 0
0.0428493 0.503229 0.0659979 3 2 0
0.0436159 0.504373 0.0658665 3 2 0
0.0443953 0.505518 0.0657352 3 2 0
0.0451876 0.506672 0.0656041 3 2 0
0.045993 0.507828 0.0654731 3 2 0
0.0468116 0.508986 0.0653423 3 2 0
0.0476436 0.510147 0.0652116 3 2 0
0.0484891 0.51131 0.0650812 3 2 0
0.0493482 0.512479 0.064951 3 2 0
0.0502211 0.513647 0.064821 3 2 0
0.0511079 0.514821 0.0646912 3 2 0
0.0520087 0.515995 0.0645617 3 2 0
0.0529236 0.517169 0.0644324 3 2 0
0.0538526 0.518343 0.0643035 3 2 0
0.0547959 0.519522 0.0641748 3 2 0
0.0557536 0.520699 0.0640464 3 2 0
0.0567256 0.521878 0.0639183 3 2 0
0.0577121 0.523056 0.0637905 3 2 0
0.0587131 0.524238 0.063663 3 2 0
0.0597286 0.525418 0.0635359 3 2 0
0.0607585 0.526597 0.0634091 3 2 0
0.0618029 0.527774 0.0632827 3 2 0
0.0628616 0.528954 0.0631567 3 2 0
0.0639348 0.530132 0.063031 3 2 0
0.0650221 0.53131 0.0629057 3 2 0
0.0661235 0.532489 0.0627808 3 2 0
0.0672389 0.533664 0.0626563 3 2 0
0.0683679 0.534838 0.0625323 3 2 0
0.0695105 0.536015 0.0624086 3 2 0
0.0706662 0.537187 0.0622854 3 2 0
0.0718347 0.538359 0.0621626 3 2 0
0.0730157 0.539532 0.0620403 3 2 0
0.0742086 0.540702 0.0619186 3 2 0
0.0754129 0.54187 0.0617972 3 2 0
0.0766279 0.543041 0.0616764 3 2 0
0.077853 0.544207 0.0615561 3 2 0
0.0790872 0.545375 0.0614363 3 2 0
0.0803297 0.546542 0.0613171 3 2 0
0.0815792 0.547707 0.0611986 3 2 0
0.0828346 0.548873 0.0610807 3 2 0
0.0840942 0.55004 0.0609633 3 2 0
0.0853564 0.551203 0.0608467 3 2 0
0.0866192 0.552374 0.0607308 3 2 0
0.0878802 0.553539 0.0606157 3 2 0
0.0891367 0.55471 0.0605015 3 2 0
0.0903853 0.555886 0.0603883 3 2 0
0.0916224 0.557062 0.0602761 3 2 0
0.0928433 0.558243 0.0601651 3 2 0
0.0940425 0.559431 0.0600557 3 2 0
0.0952134 0.560628 0.0599477 3 2 0
0.0963481 0.561833 0.0598417 3 2 0
0.0974369 0.56305 0.0597383 3 2 0
0.0984686 0.564282 0.0596379 3 2 0
0.09943 0.565537 0.0595415 3 2 0
0.100308 0.566814 0.0594505 3 2 0
0.10109 0.568119 0.0593663 3 2 0
0.101773 0.569457 0.0592912 3 2 0
0.102368 0.570832 0.0592276 4 2 0
0.102899 0.572242 0.0591777 4 2 0
0.103396 0.573692 0.0591434 4 2 0
0.103887 0.57518 0.0591268 4 2 0
0.104384 0.576718 0.0591305 4 2 0
0.104897 0.578313 0.0591599 4 2 0
0.105432 0.579985 0.0592225 4 2 0
0.105997 0.581763 0.059332 4 2 0
0.106607 0.5837 0.0595134 4 2 0
0.107292 0.585894 0.0598224 4 2 0
0.108137 0.588587 0.0604355 4 2 0
0.109627 0.59209 0.0625578 4 2 0
0.112146 0.588138 0.0664511 4 2 0
0.112883 0.585939 0.0672794 4 2 0
0.113512 0.583918 0.0679228 4 2 0
0.114104 0.581924 0.0684879 4 2 0
0.114668 0.579951 0.0689985 4 2 0
0.115211 0.577992 0.0694685 4 2 0
0.115734 0.576042 0.0699067 4 2 0
0.116242 0.574101 0.070319 4 2 0
0.116735 0.57217 0.0707106 4 2 0
0.117035 0.570971 0.0709443 4 2 0
0.117507 0.569047 0.0713081 4 2 0
0.117967 0.567128 0.071658 4 2 0
0.118417 0.565213 0.0719958 4 2 0
0.118855 0.5633 0.0723228 4 2 0
0.119283 0.561386 0.0726402 4 2 0
0.119701 0.559478 0.0729492 4 2 0
0.120109 0.557572 0.0732504 4 2 0
0.120507 0.555667 0.0735446 4 2 0
0.120896 0.553763 0.0738323 4 2 0
0.121275 0.551859 0.0741142 4 2 0
0.121646 0.549959 0.0743908 4 2 0
0.122007 0.548058 0.0746623 4 2 0
0.12236 0.546158 0.0749293 4 2 0
0.122703 0.544259 0.075192 4 2 0
0.123038 0.542361 0.0754507 4 2 0
0.123364 0.540463 0.0757057 4 2 0
0.123681 0.538565 0.0759573 4 2 0
0.12399 0.536671 0.0762054 4 2 0
0.12429 0.534777 0.0764506 4 2 0
0.124581 0.532882 0.0766928 4 2 0
0.124864 0.530987 0.0769323 4 2 0
0.125139 0.529097 0.0771692 4 2 0
0.125405 0.527205 0.0774036 4 2 0
0.125663 0.525315 0.0776357 4 2 0
0.125912 0.523424 0.0778655 4 2 0
0.126153 0.521536 0.0780931 4 2 0
0.126386 0.519647 0.0783187 4 2 0
0.126611 0.51776 0.0785424 4 2 0
0.126828 0.515875 0.0787643 4 2 0
0.127037 0.51399 0.0789843 4 2 0
0.127237 0.512108 0.0792026 4 2 0
0.12743 0.510225 0.0794193 4 2 0
0.127614 0.508345 0.0796343 4 2 0
0.127791 0.506464 0.0798479 4 2 0
0.12796 0.504586 0.08006 4 2 0
0.128121 0.502709 0.0802706 4 2 0
0.128275 0.500832 0.0804799 4 2 0
0.128421 0.498958 0.0806878 4 2 0
0.128559 0.497088 0.0808944 4 2 0
0.12869 0.495216 0.0810998 4 2 0
0.128813 0.493346 0.0813039 4 2 0
0.128929 0.491479 0.0815069 4 2 0
0.129038 0.489613 0.0817087 4 2 0
0.129139 0.487748 0.0819094 4 2 0
0.129233 0.485886 0.082109 4 2 0
0.129321 0.484023 0.0823075 4 2 0
0.129401 0.482166 0.082505 4 2 0
0.129474 0.480308 0.0827014 4 2 0
0.12954 0.478453 0.0828969 4 2 0
0.1296 0.476599 0.0830914 4 2 0
0.129653 0.474747 0.083285 4 2 0
0.129699 0.472898 0.0834776 4 2 0
0.129739 0.471049 0.0836694 4 2 0
0.129773 0.469203 0.0838603 4 2 0
0.1298 0.467358 0.0840502 4 2 0
0.129821 0.465514 0.0842393 4 2 0
0.129835 0.463675 0.0844276 4 2 0
0.129844 0.461835 0.0846152 4 2 0
0.129847 0.460115 0.0847901 4 2 0
0.129844 0.458278 0.0849761 4 2 0
0.129835 0.456446 0.0851612 4 2 0
0.129821 0.454612 0.0853457 4 2 0
0.129801 0.452783 0.0855293 4 2 0
0.129775 0.450953 0.0857123 4 2 0
0.129744 0.449127 0.0858946 4 2 0
0.129707 0.447301 0.0860762 4 2 0
0.129666 0.445478 0.0862572 4 2 0
0.129619 0.443656 0.0864374 4 2 0
0.129567 0.441834 0.086617 4 2 0
0.129509 0.440014 0.086796 4 2 0
0.129447 0.438196 0.0869744 4 2 0
0.12938 0.436378 0.0871522 4 2 0
0.129309 0.434561 0.0873294 4 2 0
0.129232 0.432745 0.087506 4 2 0
0.129151 0.430932 0.0876821 4 2 0
0.129065 0.429118 0.0878578 4 2 0
0.128975 0.427306 0.0880328 4 2 0
0.128881 0.425493 0.0882074 4 2 0
0.128782 0.42368 0.0883815 4 2 0
0.128679 0.42187 0.0885551 4 2 0
0.128571 0.420058 0.0887283 4 2 0
0.12846 0.418246 0.0889011 4 2 0
0.128344 0.416433 0.0890735 4 2 0
0.128225 0.414623 0.0892456 4 2 0
0.128101 0.412811 0.0894172 4 2 0
0.127974 0.410998 0.0895886 4 2 0
0.127842 0.409185 0.0897597 4 2 0
0.127707 0.40737 0.0899305 4 2 0
0.127569 0.405555 0.0901009 4 2 0
0.127426 0.403737 0.0902712 4 2 0
0.12728 0.401921 0.0904413 4 2 0
0.127131 0.4001 0.0906111 4 2 0
0.126978 0.398279 0.0907808 4 2 0
0.126821 0.396455 0.0909505 4 2 0
0.126662 0.394629 0.09112 4 2 0
0.126498 0.392801 0.0912894 4 2 0
0.126332 0.39097 0.0914588 4 2 0
0.126162 0.389135 0.0916282 4 2 0
0.125989 0.387299 0.0917976 4 2 0
0.125813 0.385459 0.091967 4 2 0
0.125634 0.383614 0.0921366 4 2 0
0.125451 0.381766 0.0923063 4 2 0
0.125266 0.379913 0.0924761 4 2 0
0.125077 0.378057 0.0926461 4 2 0
0.124886 0.376196 0.0928164 4 2 0
0.124691 0.37433 0.092987 4 2 0
0.124494 0.372457 0.0931578 4 2 0
0.124294 0.370581 0.0933289 4 2 0
0.124091 0.368699 0.0935005 4 2 0
0.123886 0.366809 0.0936725 4 2 0
0.123677 0.364913 0.093845 4 2 0
0.123467 0.363012 0.0940181 4 2 0
0.123253 0.361104 0.0941916 4 2 0
0.123037 0.359187 0.0943658 4 2 0
0.122819 0.357263 0.0945406 4 2 0
0.122598 0.355333 0.0947161 4 2 0
0.122375 0.353393 0.0948924 4 2 0
0.122149 0.351444 0.0950695 4 2 0
0.121922 0.349488 0.0952474 4 2 0
0.121692 0.347521 0.0954263 4 2 0
0.121461 0.345545 0.0956061 4 2 0
0.121227 0.343561 0.0957869 4 2 0
0.120992 0.341565 0.0959687 4 2 0
0.120755 0.339559 0.0961517 4 2 0
0.120516 0.337542 0.0963359 4 2 0
0.120276 0.335514 0.0965213 4 2 0
0.120035 0.333476 0.0967081 4 2 0
0.119792 0.331424 0.0968961 4 2 0
0.119549 0.329362 0.0970856 4 2 0
0.119304 0.327287 0.0972767 4 2 0
0.119059 0.3252 0.0974692 4 2 0
0.118813 0.323099 0.0976634 4 2 0
0.118567 0.320985 0.0978593 4 2 0
0.11832 0.318856 0.098057 4 2 0
0.118074 0.316714 0.0982565 4 2 0
0.117828 0.314558 0.0984579 4 2 0
0.117583 0.312389 0.0986614 4 2 0
0.117338 0.310203 0.098867 4 2 0
0.117094 0.308002 0.0990747 4 2 0
0.116851 0.305784 0.0992848 4 2 0
0.11661 0.303552 0.0994971 4 2 0
0.116371 0.301303 0.099712 4 2 0
0.116134 0.299039 0.0999295 4 2 0
0.115899 0.296756 0.10015 4 2 0
0.115668 0.294457 0.100373 4 2 0
0.115439 0.29214 0.100598 4 2 0
0.115214 0.289805 0.100827 4 2 0
0.114993 0.287452 0.10106 4 2 0
0.114776 0.285081 0.101295 4 2 0
0.114564 0.28269 0.101534 4 2 0
0.114357 0.28028 0.101777 4 2 0
0.114155 0.277851 0.102024 4 2 0
0.113959 0.275403 0.102275 4 2 0
0.11377 0.272934 0.10253 4 2 0
0.113588 0.270444 0.102789 4 2 0
0.113413 0.267933 0.103054 4 2 0
0.113246 0.2654 0.103324 4 2 0
0.113087 0.262845 0.103599 4 2 0
0.112937 0.260269 0.10388 4 2 0
0.112796 0.257669 0.104168 4 2 0
0.112665 0.255046 0.104462 4 2 0
0.112545 0.252399 0.104763 4 2 0
0.112435 0.249726 0.105072 4 2 0
0.112336 0.247029 0.10539 4 2 0
0.112249 0.244306 0.105717 4 2 0
0.112174 0.241555 0.106054 4 2 0
0.112111 0.238777 0.106402 4 2 0
0.112061 0.23597 0.106762 4 2 0
0.112024 0.233132 0.107134 4 2 0
0.112001 0.230263 0.107522 4 2 0
0.111992 0.227362 0.107926 4 2 0
0.111992 0.2268 0.108006 4 2 0
0.111998 0.223856 0.108431 4 2 0
0.112019 0.220876 0.108878 4 2 0
0.112053 0.217857 0.109348 4 2 0
0.112101 0.214795 0.109844 4 2 0
0.11216 0.211687 0.110371 4 2 0
0.112232 0.208529 0.110934 4 2 0
0.112313 0.205316 0.111537 4 2 0
0.112402 0.202042 0.112188 4 2 0
0.112496 0.198697 0.112897 4 2 0
0.112591 0.195271 0.113675 4 2 0
0.11268 0.191749 0.114539 4 2 0
0.112753 0.188108 0.115512 4 2 0
0.112796 0.184316 0.116626 4 2 0
0.112799 0.18298 0.117047 4 2 0
0.112759 0.178899 0.118441 4 2 0
0.112592 0.17447 0.12017 4 2 0
0.112169 0.169433 0.122487 4 2 0
0.11108 0.162972 0.126184 4 2 0
0.109863 0.158385 0.129426 4 2 0
0.107826 0.15187 0.134931 4 2 0
0.106447 0.144836 0.141672 4 2 0
0.106395 0.143598 0.142902 4 2 0
0.108885 0.155265 0.131941 4 2 0
0.112026 0.168285 0.123078 4 2 0
0.112563 0.173971 0.120381 4 2 0
0.112749 0.178461 0.118601 4 2 0
0.112799 0.182575 0.117178 4 2 0
0.112799 0.182974 0.117049 4 2 0
0.112772 0.186828 0.115875 4 2 0
0.112707 0.190516 0.114859 4 2 0
0.112622 0.194077 0.11396 4 2 0
0.112529 0.197534 0.113155 4 2 0
0.112434 0.200905 0.112424 4 2 0
0.112343 0.204202 0.111754 4 2 0
0.112258 0.207435 0.111135 4 2 0
0.112183 0.210611 0.11056 4 2 0
0.11212 0.213736 0.110021 4 2 0
0.112068 0.216813 0.109515 4 2 0
0.112029 0.219846 0.109036 4 2 0
0.112004 0.22284 0.108582 4 2 0
0.111992 0.225796 0.108149 4 2 0
0.111992 0.2268 0.108006 4 2 0
