0 0.0805296 0.0805296 2 1 0
7.86337e-06 0.0805298 0.0805298 1 1 0
1.57993e-05 0.0805305 0.0805305 1 1 0
3.18826e-05 0.0805334 0.0805334 1 1 0
6.48418e-05 0.0805451 0.0805451 1 1 0
0.000107121 0.0805711 0.0805711 1 1 0
0.000150217 0.0806099 0.0806099 1 1 0
0.000193627 0.0806611 0.0806611 1 1 0
0.000236876 0.0807237 0.0807237 1 1 0
0.000279567 0.0807967 0.0807967 1 1 0
0.000321405 0.0808789 0.0808789 1 1 0
0.000362193 0.0809691 0.0809691 1 1 0
0.00040189 0.0810665 0.0810665 1 1 0
0.000440354 0.0811698 0.0811698 1 1 0
0.000477583 0.0812784 0.0812784 1 1 0
0.000513604 0.0813915 0.0813915 1 1 0
0.00054846 0.0815086 0.0815086 1 1 0
0.000582203 0.0816293 0.0816293 1 1 0
0.000614888 0.0817532 0.0817532 1 1 0
0.00064657 0.0818801 0.0818801 1 1 0
0.000677303 0.0820097 0.0820097 1 1 0
0.00070714 0.0821418 0.0821418 1 1 0
0.000736129 0.0822762 0.0822762 1 1 0
0.000764315 0.0824129 0.0824129 1 1 0
0.00079174 0.0825516 0.0825516 1 1 0
0.000818444 0.0826923 0.0826923 1 1 0
0.000844461 0.0828349 0.0828349 1 1 0
0.000869825 0.0829794 0.0829794 1 1 0
0.000894567 0.0831256 0.0831256 1 1 0
0.000918714 0.0832736 0.0832736 1 1 0
0.000942293 0.0834233 0.0834233 1 1 0
0.000965328 0.0835746 0.0835746 1 1 0
0.000987841 0.0837276 0.0837276 1 1 0
0.00100985 0.0838821 0.0838821 1 1 0
0.00103138 0.0840382 0.0840382 1 1 0
0.00105245 0.0841959 0.0841959 1 1 0
0.00107306 0.0843551 0.0843551 1 1 0
0.00109325 0.0845158 0.0845158 1 1 0
0.00111302 0.0846781 0.0846781 1 1 0
0.00113238 0.0848418 0.0848418 1 1 0
0.00115135 0.085007 0.085007 1 1 0
0.00116994 0.0851737 0.0851737 1 1 0
0.00118817 0.0853419 0.0853419 1 1 0
0.00120603 0.0855115 0.0855115 1 1 0
0.00122355 0.0856826 0.0856826 1 1 0
0.00124073 0.0858551 0.0858551 1 1 0
0.00125758 0.0860291 0.0860291 1 1 0
0.00127411 0.0862045 0.0862045 1 1 0
0.00129032 0.0863814 0.0863814 1 1 0
0.00130624 0.0865597 0.0865597 1 1 0
0.00132185 0.0867394 0.0867394 1 1 0
0.00133717 0.0869206 0.0869206 1 1 0
0.00135221 0.0871032 0.0871032 1 1 0
0.00136697 0.0872873 0.0872873 1 1 0
0.00138145 0.0874728 0.0874728 1 1 0
0.00139567 0.0876597 0.0876597 1 1 0
0.00140963 0.087848 0.087848 1 1 0
0.00142334 0.0880378 0.0880378 1 1 0
0.00143679 0.088229 0.088229 1 1 0
0.00145 0.0884217 0.0884217 1 1 0
0.00146297 0.0886157 0.0886157 1 1 0
0.0014757 0.0888112 0.0888112 1 1 0
0.0014882 0.0890081 0.0890081 1 1 0
0.00150047 0.0892065 0.0892065 1 1 0
0.00151252 0.0894063 0.0894063 1 1 0
0.00152435 0.0896075 0.0896075 1 1 0
0.00153596 0.0898102 0.0898102 1 1 0
0.00154736 0.0900142 0.0900142 1 1 0
0.00155856 0.0902197 0.0902197 1 1 0
0.00156955 0.0904267 0.0904267 1 1 0
0.00157338 0.0905005 0.0905005 1 1 0
0.00158413 0.0907094 0.0907094 2 1 0
0.00159465 0.0909197 0.0909197 2 1 0
0.00160498 0.0911314 0.0911314 2 1 0
0.00161512 0.0913445 0.0913445 2 1 0
0.00162507 0.0915591 0.0915591 2 1 0
0.00163484 0.091775 0.091775 2 1 0
0.00164443 0.0919924 0.0919924 2 1 0
0.00165384 0.0922112 0.0922112 2 1 0
0.00166308 0.0924315 0.0924315 2 1 0
0.00167215 0.0926531 0.0926531 2 1 0
0.00168104 0.0928761 0.0928761 2 1 0
0.00168977 0.0931006 0.0931006 2 1 0
0.00169834 0.0933265 0.0933265 2 1 0
0.00170675 0.0935537 0.0935537 2 1 0
0.00171499 0.0937824 0.0937824 2 1 0
0.00172309 0.0940124 0.0940124 2 1 0
0.00173103 0.0942439 0.0942439 2 1 0
0.00173882 0.0944767 0.0944767 2 1 0
0.00174646 0.094711 0.094711 2 1 0
0.00175395 0.0949466 0.0949466 2 1 0
0.00176131 0.0951835 0.0951835 2 1 0
0.00176852 0.0954219 0.0954219 2 1 0
0.00177559 0.0956616 0.0956616 2 1 0
0.00178253 0.0959027 0.0959027 2 1 0
0.00178934 0.0961452 0.0961452 2 1 0
0.00179601 0.096389 0.096389 2 1 0
0.00180256 0.0966341 0.0966341 2 1 0
0.00180898 0.0968806 0.0968806 2 1 0
0.00181527 0.0971284 0.0971284 2 1 0
0.00182145 0.0973775 0.0973775 2 1 0
0.0018275 0.097628 0.097628 2 1 0
0.00183344 0.0978797 0.0978797 2 1 0
0.00183926 0.0981328 0.0981328 2 1 0
0.00184497 0.0983872 0.0983872 2 1 0
0.00185057 0.0986428 0.0986428 2 1 0
0.00185606 0.0988997 0.0988997 2 1 0
0.00186145 0.0991579 0.0991579 2 1 0
0.00186673 0.0994174 0.0994174 2 1 0
0.00187191 0.0996781 0.0996781 2 1 0
0.00187699 0.09994 0.09994 2 1 0
0.00188198 0.100203 0.100203 2 1 0
0.00188687 0.100468 0.100468 2 1 0
0.00189166 0.100733 0.100733 2 1 0
0.00189637 0.101 0.101 2 1 0
0.00190099 0.101268 0.101268 2 1 0
0.00190552 0.101537 0.101537 2 1 0
0.00190997 0.101807 0.101807 2 1 0
0.00191433 0.102079 0.102079 2 1 0
0.00191862 0.102351 0.102351 2 1 0
0.00192283 0.102625 0.102625 2 1 0
0.00192696 0.1029 0.1029 2 1 0
0.00193102 0.103176 0.103176 2 1 0
0.00193501 0.103453 0.103453 2 1 0
0.00193893 0.103731 0.103731 2 1 0
0.00194279 0.10401 0.10401 2 1 0
0.00194658 0.10429 0.10429 2 1 0
0.00195031 0.104571 0.104571 2 1 0
0.00195398 0.104853 0.104853 2 1 0
0.00195759 0.105136 0.105136 2 1 0
0.00196114 0.10542 0.10542 2 1 0
0.00196464 0.105705 0.105705 2 1 0
0.00196809 0.105991 0.105991 2 1 0
0.0019715 0.106278 0.106278 2 1 0
0.00197485 0.106566 0.106566 2 1 0
0.00197816 0.106854 0.106854 2 1 0
0.00198143 0.107143 0.107143 2 1 0
0.00198466 0.107433 0.107433 2 1 0
0.00198786 0.107724 0.107724 2 1 0
0.00199101 0.108016 0.108016 2 1 0
0.00199414 0.108309 0.108309 2 1 0
0.00199723 0.108602 0.108602 2 1 0
0.00200029 0.108895 0.108895 2 1 0
0.00200333 0.10919 0.10919 2 1 0
0.00200635 0.109485 0.109485 2 1 0
0.00200934 0.109781 0.109781 2 1 0
0.00201231 0.110077 0.110077 2 1 0
0.00201527 0.110374 0.110374 2 1 0
0.00201821 0.110672 0.110672 2 1 0
0.00202114 0.110969 0.110969 2 1 0
0.00202406 0.111268 0.111268 2 1 0
0.00202698 0.111567 0.111567 2 1 0
0.00202988 0.111866 0.111866 2 1 0
0.00203279 0.112166 0.112166 2 1 0
0.00203569 0.112466 0.112466 2 1 0
0.0020386 0.112766 0.112766 2 1 0
0.00204151 0.113067 0.113067 2 1 0
0.00204443 0.113367 0.113367 2 1 0
0.00204736 0.113668 0.113668 2 1 0
0.0020503 0.11397 0.11397 2 1 0
0.00205325 0.114271 0.114271 2 1 0
0.00205623 0.114573 0.114573 2 1 0
0.00205922 0.114874 0.114874 2 1 0
0.00206223 0.115176 0.115176 2 1 0
0.00206527 0.115478 0.115478 2 1 0
0.00206833 0.115779 0.115779 2 1 0
0.00207143 0.116081 0.116081 2 1 0
0.00207455 0.116382 0.116382 2 1 0
0.00207771 0.116683 0.116683 2 1 0
0.00208091 0.116985 0.116985 2 1 0
0.00208415 0.117285 0.117285 2 1 0
0.00208743 0.117586 0.117586 2 1 0
0.00209075 0.117886 0.117886 2 1 0
0.00209413 0.118186 0.118186 2 1 0
0.00209755 0.118486 0.118486 2 1 0
0.00210103 0.118785 0.118785 2 1 0
0.00210456 0.119084 0.119084 2 1 0
0.00210815 0.119382 0.119382 2 1 0
0.0021118 0.119679 0.119679 2 1 0
0.00211551 0.119976 0.119976 2 1 0
0.00211929 0.120273 0.120273 2 1 0
0.00212314 0.120568 0.120568 2 1 0
0.00212706 0.120863 0.120863 2 1 0
0.00213106 0.121158 0.121158 2 1 0
0.00213513 0.121451 0.121451 2 1 0
0.00213928 0.121743 0.121743 2 1 0
0.00214352 0.122035 0.122035 2 1 0
0.00214784 0.122326 0.122326 2 1 0
0.00215225 0.122615 0.122615 2 1 0
0.00215674 0.122904 0.122904 2 1 0
0.00216134 0.123191 0.123191 2 1 0
0.00216602 0.123478 0.123478 2 1 0
0.00217081 0.123763 0.123763 2 1 0
0.0021757 0.124047 0.124047 2 1 0
0.00218069 0.12433 0.12433 2 1 0
0.00218579 0.124611 0.124611 2 1 0
0.002191 0.124891 0.124891 2 1 0
0.00219633 0.12517 0.12517 2 1 0
0.00220176 0.125448 0.125448 2 1 0
0.00220732 0.125723 0.125723 2 1 0
0.002213 0.125998 0.125998 2 1 0
0.0022188 0.126271 0.126271 2 1 0
0.00222473 0.126542 0.126542 2 1 0
0.00223078 0.126811 0.126811 2 1 0
0.00223697 0.127079 0.127079 2 1 0
0.0022433 0.127345 0.127345 2 1 0
0.00224976 0.12761 0.12761 2 1 0
0.00225636 0.127872 0.127872 2 1 0
0.0022631 0.128133 0.128133 2 1 0
0.00227 0.128392 0.128392 2 1 0
0.00227703 0.128649 0.128649 2 1 0
0.00228422 0.128904 0.128904 2 1 0
0.00229157 0.129157 0.129157 2 1 0
0.00229907 0.129408 0.129408 2 1 0
0.00230673 0.129658 0.129658 2 1 0
0.00231456 0.129905 0.129905 2 1 0
0.00232254 0.130149 0.130149 2 1 0
0.0023307 0.130392 0.130392 2 1 0
0.00233903 0.130633 0.130633 2 1 0
0.00234753 0.130871 0.130871 2 1 0
0.00235621 0.131107 0.131107 2 1 0
0.00236506 0.131341 0.131341 2 1 0
0.0023741 0.131573 0.131573 2 1 0
0.00238332 0.131802 0.131802 2 1 0
0.00239273 0.132029 0.132029 2 1 0
0.00240233 0.132253 0.132253 2 1 0
0.00241213 0.132476 0.132476 2 1 0
0.00242212 0.132695 0.132695 2 1 0
0.0024323 0.132913 0.132913 2 1 0
0.00244269 0.133128 0.133128 2 1 0
0.00245329 0.13334 0.13334 2 1 0
0.00246409 0.13355 0.13355 2 1 0
0.0024751 0.133757 0.133757 2 1 0
0.00248633 0.133962 0.133962 2 1 0
0.00249777 0.134165 0.134165 2 1 0
0.00250943 0.134365 0.134365 2 1 0
0.00252131 0.134562 0.134562 2 1 0
0.00253342 0.134757 0.134757 2 1 0
0.00254576 0.134949 0.134949 2 1 0
0.00255832 0.135139 0.135139 2 1 0
0.00257113 0.135326 0.135326 2 1 0
0.00258417 0.13551 0.13551 2 1 0
0.00259745 0.135692 0.135692 2 1 0
0.00261097 0.135871 0.135871 2 1 0
0.00262475 0.136048 0.136048 2 1 0
0.00263877 0.136222 0.136222 2 1 0
0.00265305 0.136393 0.136393 2 1 0
0.00266759 0.136562 0.136562 2 1 0
0.00268238 0.136728 0.136728 2 1 0
0.00269745 0.136892 0.136892 2 1 0
0.00271278 0.137052 0.137052 2 1 0
0.00272838 0.137211 0.137211 2 1 0
0.00274426 0.137366 0.137366 2 1 0
0.00276042 0.13752 0.13752 2 1 0
0.00277687 0.13767 0.13767 2 1 0
0.0027936 0.137818 0.137818 2 1 0
0.00281063 0.137963 0.137963 2 1 0
0.00282795 0.138106 0.138106 2 1 0
0.00284558 0.138247 0.138247 2 1 0
0.00286351 0.138384 0.138384 2 1 0
0.00288175 0.138519 0.138519 2 1 0
0.0029003 0.138652 0.138652 2 1 0
0.00291918 0.138782 0.138782 2 1 0
0.00293838 0.13891 0.13891 2 1 0
0.00295791 0.139035 0.139035 2 1 0
0.00297778 0.139158 0.139158 2 1 0
0.00299798 0.139278 0.139278 2 1 0
0.00301854 0.139396 0.139396 2 1 0
0.00303945 0.139512 0.139512 2 1 0
0.00306071 0.139625 0.139625 2 1 0
0.00308234 0.139736 0.139736 2 1 0
0.00310434 0.139844 0.139844 2 1 0
0.00312672 0.13995 0.13995 2 1 0
0.00314948 0.140054 0.140054 2 1 0
0.00317263 0.140155 0.140155 2 1 0
0.00319619 0.140255 0.140255 2 1 0
0.00322014 0.140352 0.140352 2 1 0
0.00324451 0.140446 0.140446 2 1 0
0.00326931 0.140539 0.140539 2 1 0
0.00329453 0.140629 0.140629 2 1 0
0.00332019 0.140718 0.140718 2 1 0
0.0033463 0.140804 0.140804 2 1 0
0.00337286 0.140888 0.140888 2 1 0
0.00339989 0.14097 0.14097 2 1 0
0.0034274 0.14105 0.14105 2 1 0
0.00345539 0.141128 0.141128 2 1 0
0.00348388 0.141204 0.141204 2 1 0
0.00351288 0.141278 0.141278 2 1 0
0.00354239 0.14135 0.14135 2 1 0
0.00357244 0.141421 0.141421 2 1 0
0.00360302 0.141489 0.141489 2 1 0
0.00363417 0.141555 0.141555 2 1 0
0.00366588 0.14162 0.14162 2 1 0
0.00369818 0.141683 0.141683 2 1 0
0.00373107 0.141744 0.141744 2 1 0
0.00376457 0.141804 0.141804 2 1 0
0.0037987 0.141861 0.141861 2 1 0
0.00383348 0.141917 0.141917 2 1 0
0.00386891 0.141972 0.141972 2 1 0
0.00390502 0.142025 0.142025 2 1 0
0.00394183 0.142076 0.142076 2 1 0
0.00397935 0.142125 0.142125 2 1 0
0.00401761 0.142173 0.142173 2 1 0
0.00405662 0.14222 0.14222 2 1 0
0.0040964 0.142265 0.142265 2 1 0
0.00413699 0.142309 0.142309 2 1 0
0.0041784 0.142351 0.142351 2 1 0
0.00422065 0.142392 0.142392 2 1 0
0.00426378 0.142432 0.142432 2 1 0
0.00430781 0.14247 0.14247 2 1 0
0.00435276 0.142507 0.142507 2 1 0
0.00439867 0.142542 0.142542 2 1 0
0.00444556 0.142577 0.142577 2 1 0
0.00449347 0.14261 0.14261 2 1 0
0.00454244 0.142642 0.142642 2 1 0
0.00459249 0.142673 0.142673 2 1 0
0.00464367 0.142702 0.142702 2 1 0
0.00469601 0.142731 0.142731 2 1 0
0.00474956 0.142758 0.142758 2 1 0
0.00480435 0.142785 0.142785 2 1 0
0.00486043 0.14281 0.14281 2 1 0
0.00491786 0.142834 0.142834 2 1 0
0.00497667 0.142858 0.142858 2 1 0
0.00503692 0.14288 0.14288 2 1 0
0.00509867 0.142902 0.142902 2 1 0
0.00516198 0.142923 0.142923 2 1 0
0.0052269 0.142942 0.142942 2 1 0
0.00529351 0.142961 0.142961 2 1 0
0.00536186 0.142979 0.142979 2 1 0
0.00543205 0.142997 0.142997 2 1 0
0.00550413 0.143013 0.143013 2 1 0
0.0055782 0.143029 0.143029 2 1 0
0.00565433 0.143044 0.143044 2 1 0
0.00573263 0.143058 0.143058 2 1 0
0.0058132 0.143072 0.143072 2 1 0
0.00589612 0.143085 0.143085 2 1 0
0.00598153 0.143097 0.143097 2 1 0
0.00606953 0.143109 0.143109 2 1 0
0.00616025 0.14312 0.14312 2 1 0
0.00625383 0.14313 0.14313 2 1 0
0.00635041 0.14314 0.14314 2 1 0
0.00645014 0.143149 0.143149 2 1 0
0.0065532 0.143158 0.143158 2 1 0
0.00665977 0.143167 0.143167 2 1 0
0.00677002 0.143175 0.143175 2 1 0
0.00688418 0.143182 0.143182 2 1 0
0.00700246 0.143189 0.143189 2 1 0
0.0071251 0.143196 0.143196 2 1 0
0.00725237 0.143202 0.143202 2 1 0
0.00738455 0.143207 0.143207 2 1 0
0.00752194 0.143213 0.143213 2 1 0
0.00766488 0.143218 0.143218 2 1 0
0.00781372 0.143223 0.143223 2 1 0
0.00796888 0.143227 0.143227 2 1 0
0.00813077 0.143231 0.143231 2 1 0
0.00829988 0.143235 0.143235 2 1 0
0.00847673 0.143238 0.143238 2 1 0
0.00866188 0.143241 0.143241 2 1 0
0.00885599 0.143244 0.143244 2 1 0
0.00905975 0.143247 0.143247 2 1 0
0.00927394 0.14325 0.14325 2 1 0
0.00949944 0.143252 0.143252 2 1 0
0.0097372 0.143254 0.143254 2 1 0
0.00998832 0.143256 0.143256 2 1 0
0.010254 0.143258 0.143258 2 1 0
0.0105357 0.143259 0.143259 2 1 0
0.0108349 0.143261 0.143261 2 1 0
0.0111533 0.143262 0.143262 2 1 0
0.0114931 0.143263 0.143263 2 1 0
0.0118566 0.143264 0.143264 2 1 0
0.0122463 0.143265 0.143265 2 1 0
0.0126655 0.143266 0.143266 2 1 0
0.0131177 0.143266 0.143266 2 1 0
0.0136071 0.143267 0.143267 2 1 0
0.0141387 0.143268 0.143268 2 1 0
0.0147183 0.143268 0.143268 2 1 0
0.0147393 0.143268 0.143268 2 1 0
0.015375 0.143268 0.143268 1 1 0
0.0160755 0.143269 0.143269 1 1 0
0.0168496 0.143269 0.143269 1 1 0
0.0177099 0.143269 0.143269 1 1 0
0.0186713 0.143269 0.143269 1 1 0
0.0197521 0.14327 0.14327 1 1 0
0.0209747 0.14327 0.14327 1 1 0
0.0223666 0.14327 0.14327 1 1 0
0.0239607 0.14327 0.14327 1 1 0
0.0257967 0.14327 0.14327 1 1 0
0.0279202 0.14327 0.14327 1 1 0
0.030381 0.14327 0.14327 1 1 0
0.0332293 0.14327 0.14327 1 1 0
0.0365078 0.14327 0.14327 1 1 0
0.040244 0.14327 0.14327 1 1 0
0.0444422 0.14327 0.14327 1 1 0
0.0490832 0.14327 0.14327 1 1 0
0.0541293 0.14327 0.14327 1 1 0
0.0595328 0.14327 0.14327 1 1 0
0.065245 0.14327 0.14327 1 1 0
0.071221 0.14327 0.14327 1 1 0
0.077422 0.14327 0.14327 1 1 0
0.0838161 0.14327 0.14327 1 1 0
0.0903771 0.14327 0.14327 1 1 0
0.0970837 0.14327 0.14327 1 1 0
0.103919 0.14327 0.14327 1 1 0
0.110868 0.14327 0.14327 1 1 0
0.11792 0.14327 0.14327 1 1 0
0.125065 0.14327 0.14327 1 1 0
0.132294 0.14327 0.14327 1 1 0
0.139602 0.14327 0.14327 1 1 0
0.146982 0.14327 0.14327 1 1 0
0.154429 0.14327 0.14327 1 1 0
0.161938 0.14327 0.14327 1 1 0
0.169506 0.14327 0.14327 1 1 0
0.177129 0.14327 0.14327 1 1 0
0.184804 0.14327 0.14327 1 1 0
0.192528 0.14327 0.14327 1 1 0
0.200299 0.14327 0.14327 1 1 0
0.208115 0.14327 0.14327 1 1 0
0.215973 0.14327 0.14327 1 1 0
0.223872 0.14327 0.14327 1 1 0
0.23181 0.14327 0.14327 1 1 0
0.239786 0.14327 0.14327 1 1 0
0.247797 0.14327 0.14327 1 1 0
0.255844 0.14327 0.14327 1 1 0
0.263924 0.14327 0.14327 1 1 0
0.272036 0.14327 0.14327 1 1 0
0.28018 0.14327 0.14327 1 1 0
0.288354 0.14327 0.14327 1 1 0
0.296557 0.14327 0.14327 1 1 0
0.304789 0.14327 0.14327 1 1 0
0.313048 0.14327 0.14327 1 1 0
0.321335 0.14327 0.14327 1 1 0
0.329647 0.14327 0.14327 1 1 0
0.337985 0.14327 0.14327 1 1 0
0.346347 0.14327 0.14327 1 1 0
0.354734 0.14327 0.14327 1 1 0
0.363144 0.14327 0.14327 1 1 0
0.371577 0.14327 0.14327 1 1 0
0.380032 0.14327 0.14327 1 1 0
0.388509 0.14327 0.14327 1 1 0
0.397007 0.14327 0.14327 1 1 0
0.405526 0.14327 0.14327 1 1 0
0.414066 0.14327 0.14327 1 1 0
0.422625 0.14327 0.14327 1 1 0
0.431204 0.14327 0.14327 1 1 0
0.439801 0.14327 0.14327 1 1 0
0.448418 0.14327 0.14327 1 1 0
0.457052 0.14327 0.14327 1 1 0
0.465704 0.14327 0.14327 1 1 0
0.474374 0.14327 0.14327 1 1 0
0.483061 0.14327 0.14327 1 1 0
0.491765 0.14327 0.14327 1 1 0
0.500485 0.14327 0.14327 1 1 0
0.0147384 0.143268 0.143268 4 3 0
0.0147409 0.144371 0.142181 4 3 0
0.0147478 0.146053 0.140585 4 3 0
0.0147687 0.148585 0.138309 4 3 0
0.0148049 0.151327 0.136003 4 3 0
0.0148597 0.154259 0.133697 4 3 0
0.0149407 0.157413 0.131369 4 3 0
0.0150636 0.160844 0.128961 4 3 0
0.0152512 0.164564 0.126427 4 3 0
0.0156217 0.169839 0.122887 4 3 0
0.016258 0.177154 0.118181 4 3 0
0.016979 0.185211 0.113505 4 3 0
0.0177368 0.194268 0.108915 4 3 0
0.0184124 0.203161 0.104997 4 3 0
0.0190098 0.21187 0.101619 4 3 0
0.0195397 0.220451 0.0986578 4 3 0
0.0200091 0.228943 0.0960255 4 3 0
0.0204219 0.237363 0.0936633 4 3 0
0.02078 0.245715 0.0915295 4 3 0
0.0210839 0.253987 0.0895941 4 3 0
0.0213341 0.262163 0.0878341 4 3 0
0.0215312 0.270219 0.0862312 4 3 0
0.0216766 0.278131 0.08477 4 3 0
0.0217725 0.285877 0.083437 4 3 0
0.0218218 0.293438 0.0822194 4 3 0
0.0218306 0.29838 0.0814645 4 3 0
0.0218109 0.305601 0.0804146 4 3 0
0.0217555 0.312618 0.0794498 4 3 0
0.0216691 0.319424 0.0785611 4 3 0
0.021556 0.326021 0.0777399 4 3 0
0.021525 0.327591 0.0775501 4 3 0
0.0213844 0.333933 0.0768018 4 3 0
0.0212257 0.340079 0.0761044 4 3 0
0.0210523 0.346036 0.075452 4 3 0
0.020902 0.350759 0.0749495 4 3 0
0.0207089 0.356386 0.0743663 4 3 0
0.0205082 0.361841 0.0738155 4 3 0
0.0203084 0.366958 0.0733104 4 3 0
0.0200977 0.372093 0.072814 4 3 0
0.0198841 0.37707 0.0723415 4 3 0
0.0196685 0.381895 0.0718908 4 3 0
0.0199097 0.376485 0.0723966 4 3 0
0.0196943 0.38133 0.0719434 4 3 0
0.0194778 0.386026 0.0715102 4 3 0
0.0192611 0.390582 0.0710955 4 3 0
0.0190447 0.395 0.070698 4 3 0
0.0190412 0.39507 0.0706917 4 3 0
0.0188256 0.39935 0.0703103 4 3 0
0.0186114 0.403499 0.0699435 4 3 0
0.0183989 0.407523 0.0695904 4 3 0
0.0181884 0.411425 0.06925 4 3 0
0.0181875 0.411443 0.0692486 4 3 0
0.0179793 0.415224 0.0689201 4 3 0
0.0178851 0.416911 0.0687739 4 3 0
0.0176805 0.420528 0.0684611 4 3 0
0.0174785 0.424034 0.0681582 4 3 0
0.0172795 0.427436 0.0678645 4 3 0
0.0172781 0.427458 0.0678626 4 3 0
0.0170819 0.430758 0.0675771 4 3 0
0.0168811 0.434088 0.0672883 4 3 0
0.0166912 0.437193 0.0670178 4 3 0
0.0165044 0.440207 0.0667537 4 3 0
0.0165042 0.44021 0.0667535 4 3 0
0.0163206 0.443136 0.066495 4 3 0
0.0163099 0.443307 0.0664799 4 3 0
0.0161297 0.446148 0.0662267 4 3 0
0.0159598 0.448803 0.0659879 4 3 0
0.0157859 0.451494 0.065743 4 3 0
0.015765 0.451816 0.0657134 4 3 0
0.0155947 0.454423 0.0654714 4 3 0
0.0154581 0.456507 0.0652761 4 3 0
0.0152935 0.458998 0.0650385 4 3 0
0.0152933 0.459 0.0650382 4 3 0
0.015132 0.461426 0.0648018 4 3 0
0.0149738 0.463799 0.0645666 4 3 0
0.0148187 0.466111 0.0643311 4 3 0
0.0147012 0.467862 0.0641497 4 3 0
0.0145515 0.470081 0.063913 4 3 0
0.0144289 0.4719 0.0637146 4 3 0
0.0142848 0.474038 0.063475 4 3 0
0.0141436 0.476133 0.0632324 4 3 0
0.014002 0.478233 0.0629806 4 3 0
0.0138667 0.480251 0.0627302 4 3 0
0.0137836 0.481489 0.0625713 4 3 0
0.013653 0.483448 0.0623123 4 3 0
0.0136046 0.484179 0.0622136 4 3 0
0.0134778 0.486096 0.061945 4 3 0
0.0133611 0.487875 0.0616854 4 3 0
0.0132397 0.48974 0.0613999 4 3 0
0.013227 0.489935 0.0613694 4 3 0
0.0131086 0.49178 0.0610719 4 3 0
0.0130657 0.492456 0.0609595 4 3 0
0.012951 0.494276 0.0606439 4 3 0
0.012839 0.496085 0.0603129 4 3 0
0.0127297 0.497884 0.0599626 4 3 0
0.0127416 0.497687 0.0600022 4 3 0
0.0126349 0.499484 0.0596323 4 3 0
0.0125311 0.501285 0.0592359 4 3 0
0.0124996 0.501842 0.059107 4 3 0
0.0123998 0.503663 0.0586659 4 3 0
0.0123035 0.50551 0.0581787 4 3 0
0.0122112 0.507411 0.0576282 4 3 0
0.0121238 0.509407 0.056987 4 3 0
0.0120568 0.511179 0.0563476 4 3 0
0.0119873 0.513685 0.055305 4 3 0
0.0119855 0.513776 0.0552631 4 3 0
0.0119642 0.515466 0.0544315 4 3 0
0.0119632 0.515824 0.0542389 4 3 0
0.0119685 0.516811 0.0536803 4 3 0
0.0119951 0.518049 0.0529104 4 3 0
0.0120287 0.51887 0.0523481 4 3 0
0.0120791 0.519712 0.0517315 4 3 0
0.0121476 0.520531 0.0510856 4 3 0
0.0122824 0.521669 0.0501097 4 3 0
0.0124241 0.522536 0.0493015 4 3 0
0.0124474 0.522658 0.0491822 4 3 0
0.012588 0.523299 0.0485249 4 3 0
0.0125302 0.52305 0.0487838 4 3 0
0.012671 0.523614 0.0481758 4 3 0
0.0128098 0.524065 0.0476423 4 3 0
0.0129533 0.524441 0.0471432 4 3 0
0.013099 0.52475 0.0466795 4 3 0
0.0132471 0.524997 0.0462444 4 3 0
0.013398 0.525186 0.0458321 4 3 0
0.0135518 0.525317 0.0454378 4 3 0
0.013709 0.525392 0.0450581 4 3 0
0.0138698 0.525422 0.0446896 4 3 0
0.0140347 0.5254 0.0443288 4 3 0
0.0142041 0.525317 0.0439726 4 3 0
0.0143786 0.525187 0.0436159 4 3 0
0.0145591 0.525004 0.0432521 4 3 0
0.0147466 0.524755 0.0428678 4 3 0
0.014942 0.524429 0.042424 4 3 0
0.0150241 0.524275 0.0421722 4 3 0
0.0150505 0.52421 0.0419933 4 3 0
0.0150505 0.524205 0.0419779 4 3 0
0.0150105 0.524251 0.0418282 4 3 0
0.0149276 0.524372 0.0417618 4 3 0
0.0148266 0.524517 0.0417396 4 3 0
0.0147133 0.524669 0.041742 4 3 0
0.0146833 0.524711 0.0417455 3 3 0
0.0145603 0.524858 0.0417669 3 3 0
0.0144319 0.525009 0.0417982 3 3 0
0.0143003 0.525139 0.0418368 3 3 0
0.0141668 0.525259 0.0418808 3 3 0
0.0140323 0.525364 0.0419293 3 3 0
0.0138977 0.525449 0.0419808 3 3 0
0.0137633 0.525521 0.0420353 3 3 0
0.0136296 0.52557 0.0420923 3 3 0
0.0134969 0.525608 0.0421516 3 3 0
0.0133653 0.525627 0.0422126 3 3 0
0.013235 0.525623 0.0422753 3 3 0
0.0131062 0.52561 0.0423395 3 3 0
0.0129789 0.525577 0.0424052 3 3 0
0.0128531 0.525525 0.0424723 3 3 0
0.012729 0.525457 0.0425405 3 3 0
0.0126065 0.525375 0.04261 3 3 0
0.0124857 0.525276 0.0426805 3 3 0
0.0123665 0.525165 0.0427521 3 3 0
0.012249 0.525036 0.0428248 3 3 0
0.0121331 0.524886 0.0428985 3 3 0
0.0120188 0.524734 0.042973 3 3 0
0.0119062 0.52456 0.0430482 3 3 0
0.0117951 0.524375 0.0431245 3 3 0
0.0116857 0.524169 0.0432017 3 3 0
0.0115778 0.523961 0.0432797 3 3 0
0.0114714 0.523736 0.0433581 3 3 0
0.0113665 0.523491 0.0434375 3 3 0
0.0112631 0.523244 0.0435177 3 3 0
0.0111611 0.522981 0.0435987 3 3 0
0.0110606 0.522708 0.0436803 3 3 0
0.0109615 0.522419 0.0437626 3 3 0
0.0108637 0.522122 0.0438454 3 3 0
0.0107673 0.521808 0.0439289 3 3 0
0.0106722 0.521492 0.0440132 3 3 0
0.0105784 0.521158 0.0440979 3 3 0
0.0104858 0.520821 0.0441832 3 3 0
0.0103945 0.520469 0.0442693 3 3 0
0.0103044 0.520103 0.044356 3 3 0
0.0102155 0.519736 0.0444431 3 3 0
0.0101277 0.519353 0.0445308 3 3 0
0.0100411 0.518965 0.0446189 3 3 0
0.00995557 0.518561 0.0447076 3 3 0
0.00987116 0.518153 0.044797 3 3 0
0.00978781 0.517739 0.0448869 3 3 0
0.0097055 0.517308 0.044977 3 3 0
0.00962422 0.516877 0.0450676 3 3 0
0.00954395 0.516433 0.0451589 3 3 0
0.00946465 0.515983 0.0452507 3 3 0
0.00938632 0.515524 0.0453428 3 3 0
0.00930893 0.515053 0.0454352 3 3 0
0.00923246 0.514582 0.0455283 3 3 0
0.0091569 0.5141 0.0456218 3 3 0
0.00908222 0.513604 0.0457156 3 3 0
0.00900842 0.513112 0.0458098 3 3 0
0.00893546 0.512604 0.0459045 3 3 0
0.00886333 0.512095 0.0459996 3 3 0
0.00879202 0.511575 0.0460951 3 3 0
0.00872151 0.511049 0.046191 3 3 0
0.00865179 0.510519 0.0462873 3 3 0
0.00858283 0.509975 0.0463838 3 3 0
0.00851463 0.50943 0.0464807 3 3 0
0.00844717 0.508883 0.046578 3 3 0
0.00838044 0.50832 0.0466758 3 3 0
0.00831441 0.507755 0.0467736 3 3 0
0.00824908 0.507188 0.046872 3 3 0
0.00818444 0.506611 0.0469707 3 3 0
0.00812047 0.50603 0.0470698 3 3 0
0.00805716 0.505438 0.047169 3 3 0
0.00799449 0.504844 0.0472686 3 3 0
0.00793246 0.504244 0.0473687 3 3 0
0.00787106 0.503641 0.0474691 3 3 0
0.00781026 0.503026 0.0475696 3 3 0
0.00775007 0.502413 0.0476703 3 3 0
0.00769046 0.501788 0.0477715 3 3 0
0.00763144 0.50116 0.047873 3 3 0
0.00757299 0.500527 0.0479749 3 3 0
0.00751509 0.49989 0.0480769 3 3 0
0.00745775 0.499249 0.0481792 3 3 0
0.00740095 0.4986 0.0482819 3 3 0
0.00734467 0.497946 0.0483848 3 3 0
0.00728893 0.497284 0.0484881 3 3 0
0.00723369 0.496622 0.0485916 3 3 0
0.00717896 0.495955 0.0486954 3 3 0
0.00712473 0.495285 0.0487994 3 3 0
0.00707098 0.494604 0.0489039 3 3 0
0.00701772 0.493922 0.0490086 3 3 0
0.00696494 0.493239 0.0491135 3 3 0
0.00691261 0.492547 0.0492186 3 3 0
0.00686075 0.491851 0.0493241 3 3 0
0.00680934 0.491148 0.0494298 3 3 0
0.00675838 0.490446 0.049536 3 3 0
0.00670786 0.489738 0.0496423 3 3 0
0.00665776 0.489023 0.0497488 3 3 0
0.0066081 0.488305 0.0498558 3 3 0
0.00655885 0.48758 0.0499629 3 3 0
0.00651002 0.486856 0.0500703 3 3 0
0.0064616 0.486127 0.0501779 3 3 0
0.00641358 0.485389 0.0502859 3 3 0
0.00636596 0.484653 0.0503942 3 3 0
0.00631874 0.483913 0.0505031 3 3 0
0.0062719 0.483167 0.050612 3 3 0
0.00622544 0.482416 0.0507211 3 3 0
0.00617936 0.481657 0.0508307 3 3 0
0.00613365 0.480902 0.0509405 3 3 0
0.00608832 0.480142 0.0510506 3 3 0
0.00604334 0.479375 0.0511612 3 3 0
0.00599873 0.478605 0.051272 3 3 0
0.00595448 0.47783 0.051383 3 3 0
0.00591057 0.477056 0.0514945 3 3 0
0.00586701 0.476277 0.0516062 3 3 0
0.0058238 0.475495 0.0517183 3 3 0
0.00578093 0.474704 0.0518308 3 3 0
0.0057384 0.473912 0.0519436 3 3 0
0.0056962 0.473119 0.0520568 3 3 0
0.00565433 0.472321 0.0521705 3 3 0
0.00561279 0.47152 0.0522844 3 3 0
0.00557158 0.470716 0.0523986 3 3 0
0.00553068 0.469914 0.0525133 3 3 0
0.00549011 0.469103 0.0526283 3 3 0
0.00544985 0.468289 0.0527437 3 3 0
0.0054099 0.467471 0.0528596 3 3 0
0.00537027 0.466651 0.0529758 3 3 0
0.00533094 0.465828 0.0530926 3 3 0
0.00529192 0.464999 0.0532096 3 3 0
0.0052532 0.464169 0.0533273 3 3 0
0.00521478 0.463337 0.0534451 3 3 0
0.00517666 0.462506 0.0535636 3 3 0
0.00513884 0.461668 0.0536824 3 3 0
0.00510131 0.460827 0.0538016 3 3 0
0.00506407 0.459982 0.0539214 3 3 0
0.00502711 0.459135 0.0540417 3 3 0
0.00499045 0.458285 0.0541623 3 3 0
0.00495406 0.457436 0.0542835 3 3 0
0.00491796 0.456582 0.0544052 3 3 0
0.00488214 0.455725 0.0545275 3 3 0
0.00484659 0.454865 0.0546501 3 3 0
0.00481131 0.454003 0.0547733 3 3 0
0.0047763 0.453137 0.0548972 3 3 0
0.00474155 0.452269 0.0550213 3 3 0
0.00470707 0.451399 0.0551462 3 3 0
0.00467285 0.450526 0.0552715 3 3 0
0.00463887 0.449653 0.0553974 3 3 0
0.00460515 0.448775 0.0555239 3 3 0
0.00457166 0.447897 0.0556509 3 3 0
0.00453842 0.44702 0.0557785 3 3 0
0.0045054 0.446136 0.0559067 3 3 0
0.0044726 0.445251 0.0560354 3 3 0
0.00444002 0.44436 0.0561647 3 3 0
0.00440764 0.44347 0.0562947 3 3 0
0.00437546 0.442577 0.0564254 3 3 0
0.00434347 0.441685 0.0565565 3 3 0
0.00431165 0.440791 0.0566882 3 3 0
0.00427999 0.439895 0.0568205 3 3 0
0.0042485 0.438994 0.0569536 3 3 0
0.00421715 0.438099 0.0570872 3 3 0
0.00418597 0.437203 0.0572215 3 3 0
0.00415503 0.436319 0.0573559 3 3 0
0.00412474 0.435477 0.0574882 3 3 0
0.00411127 0.435147 0.0575456 3 3 0
0.00410332 0.435065 0.0575725 3 3 0
0.00410283 0.435124 0.057569 4 3 0
0.00410653 0.435539 0.0575252 4 3 0
0.00411374 0.4361 0.0574576 4 3 0
0.00412191 0.436701 0.0573819 4 3 0
0.00413057 0.437323 0.0573011 4 3 0
0.00413955 0.43797 0.0572164 4 3 0
0.00414876 0.438629 0.0571291 4 3 0
0.00415815 0.439292 0.0570392 4 3 0
0.00416767 0.439969 0.0569473 4 3 0
0.00417731 0.440648 0.0568535 4 3 0
0.00418702 0.44133 0.0567579 4 3 0
0.0041968 0.442012 0.0566609 4 3 0
0.00420661 0.442698 0.0565621 4 3 0
0.00421645 0.443379 0.0564616 4 3 0
0.0042263 0.444065 0.0563599 4 3 0
0.00423613 0.444751 0.0562571 4 3 0
0.00424594 0.445436 0.056153 4 3 0
0.00425572 0.446115 0.0560475 4 3 0
0.00426544 0.446788 0.0559411 4 3 0
0.00427509 0.447458 0.0558336 4 3 0
0.00428467 0.44813 0.0557253 4 3 0
0.00429417 0.448791 0.0556165 4 3 0
0.00430356 0.449442 0.0555069 4 3 0
0.00431284 0.450098 0.055397 4 3 0
0.00432199 0.45074 0.0552864 4 3 0
0.004331 0.451372 0.0551764 4 3 0
0.00433986 0.452 0.0550655 4 3 0
0.00434855 0.452615 0.0549554 4 3 0
0.00435705 0.45322 0.0548457 4 3 0
0.00436535 0.453811 0.0547368 4 3 0
0.00437342 0.454389 0.0546293 4 3 0
0.00438124 0.454957 0.0545227 4 3 0
0.00438879 0.455502 0.0544183 4 3 0
0.00439604 0.456035 0.0543159 4 3 0
0.00440297 0.456542 0.0542165 4 3 0
0.00440955 0.457027 0.0541195 4 3 0
0.00441576 0.457493 0.0540266 4 3 0
0.00442158 0.457933 0.0539369 4 3 0
0.004427 0.458345 0.0538518 4 3 0
0.004432 0.45873 0.0537715 4 3 0
0.0044366 0.459087 0.0536948 4 3 0
0.00443985 0.459346 0.0536396 4 3 0
0.00444363 0.459649 0.0535732 4 3 0
0.00444714 0.459931 0.0535096 4 3 0
0.00445019 0.460188 0.0534516 4 3 0
0.00445037 0.460198 0.0534479 4 3 0
0.00445306 0.460436 0.0533945 4 3 0
0.00445476 0.460584 0.0533584 4 3 0
0.00445689 0.460781 0.0533103 4 3 0
0.00445875 0.460953 0.0532636 4 3 0
0.00446019 0.461111 0.0532216 4 3 0
0.00446125 0.461239 0.0531821 4 3 0
0.00446164 0.461296 0.0531617 4 3 0
0.00446189 0.461376 0.0531305 4 3 0
0.00446189 0.461384 0.0531285 4 3 0
0.0044616 0.461417 0.0531035 4 3 0
0.0044607 0.461426 0.0530826 4 3 0
0.00445933 0.461395 0.0530698 4 3 0
0.00445928 0.46139 0.0530694 4 3 0
0.00445741 0.461329 0.0530625 4 3 0
0.00445493 0.461217 0.053062 4 3 0
0.00445382 0.461171 0.0530638 4 3 0
0.00445096 0.461027 0.0530711 4 3 0
0.00444755 0.460849 0.0530839 4 3 0
0.00444723 0.460839 0.0530855 4 3 0
0.00444374 0.460646 0.0531035 4 3 0
0.00443977 0.460421 0.0531263 4 3 0
0.00443558 0.46018 0.0531538 4 3 0
0.00443122 0.45993 0.0531854 4 3 0
0.00442672 0.459655 0.0532201 4 3 0
0.00442212 0.459377 0.0532577 4 3 0
0.00441744 0.459084 0.0532981 4 3 0
0.00441273 0.458779 0.0533411 4 3 0
0.00440824 0.45849 0.053384 4 3 0
0.00440358 0.458188 0.0534307 4 3 0
0.00439951 0.457917 0.0534746 4 3 0
0.00439564 0.457645 0.0535217 4 3 0
0.00439426 0.457524 0.0535445 4 3 0
0.00439409 0.45751 0.0535524 4 3 0
0.00439808 0.457683 0.0535514 4 3 0
0.00440185 0.457884 0.0535354 4 3 0
0.00440619 0.458119 0.0535155 4 3 0
0.00440871 0.458258 0.0535035 4 3 0
0.00441265 0.458468 0.0534843 4 3 0
0.00441708 0.4587 0.0534626 4 3 0
0.00442147 0.458943 0.0534406 4 3 0
0.00442811 0.459307 0.0534058 4 3 0
0.00443147 0.459469 0.0533885 4 3 0
0.0044351 0.459689 0.0533691 4 3 0
0.00443809 0.459838 0.0533529 4 3 0
0.00444203 0.460049 0.0533306 4 3 0
0.00444611 0.460278 0.0533072 4 3 0
0.00445397 0.460721 0.0532601 4 3 0
0.00446175 0.461147 0.0532118 4 3 0
0.00446926 0.461571 0.0531604 4 3 0
0.00446958 0.461588 0.0531596 4 3 0
0.00447698 0.461998 0.0531068 4 3 0
0.00448074 0.462201 0.0530797 4 3 0
0.00448434 0.462426 0.0530526 4 3 0
0.00448478 0.462448 0.0530493 4 3 0
0.00449172 0.462851 0.0529937 4 3 0
0.00449203 0.462859 0.0529924 4 3 0
0.00449883 0.463255 0.0529353 4 3 0
0.00450229 0.463458 0.0529067 4 3 0
0.00450531 0.463654 0.0528795 4 3 0
0.0045117 0.464015 0.0528203 4 3 0
0.00451494 0.464231 0.052791 4 3 0
0.00451801 0.464408 0.0527601 4 3 0
0.00451805 0.464409 0.0527597 4 3 0
0.00452163 0.464646 0.0527239 4 3 0
0.00452559 0.464884 0.0526833 4 3 0
0.00452943 0.46511 0.0526424 4 3 0
0.00453487 0.465465 0.0525811 4 3 0
0.00453518 0.465481 0.0525795 4 3 0
0.0045365 0.465585 0.0525647 4 3 0
0.00454168 0.465917 0.0525028 4 3 0
0.00454192 0.465933 0.0525011 4 3 0
0.00454633 0.466228 0.052448 4 3 0
0.00455109 0.466539 0.052387 4 3 0
0.0045513 0.466547 0.0523847 4 3 0
0.00455575 0.466855 0.0523247 4 3 0
0.004556 0.466879 0.0523231 4 3 0
0.0045561 0.466887 0.0523214 4 3 0
0.0045603 0.467179 0.0522644 4 3 0
0.0045601 0.46716 0.0522669 4 3 0
0.00456411 0.467446 0.0522087 4 3 0
0.00456425 0.467453 0.0522074 4 3 0
0.00456709 0.467657 0.0521651 4 3 0
0.00456718 0.467665 0.0521629 4 3 0
0.0045692 0.467808 0.0521319 4 3 0
0.00457139 0.467967 0.0520977 4 3 0
0.00457349 0.468122 0.0520633 4 3 0
0.0045755 0.468283 0.0520303 4 3 0
0.0045774 0.468429 0.0519981 4 3 0
0.00457747 0.468433 0.0519965 4 3 0
0.00458007 0.468631 0.0519497 4 3 0
0.00458144 0.468723 0.0519249 4 3 0
0.00458271 0.468852 0.0519005 4 3 0
0.00458393 0.468946 0.0518761 4 3 0
0.00458509 0.469014 0.0518527 4 3 0
0.00458618 0.469142 0.0518298 4 3 0
0.00458621 0.469144 0.0518293 4 3 0
0.00458723 0.469225 0.0518081 4 3 0
0.00458831 0.469327 0.0517842 4 3 0
0.00458932 0.469409 0.0517606 4 3 0
0.00458926 0.469413 0.0517619 4 3 0
0.00459028 0.4695 0.0517372 4 3 0
0.00459131 0.469604 0.0517112 4 3 0
0.00459202 0.469644 0.0516933 4 3 0
0.00459277 0.469749 0.0516717 4 3 0
0.00459337 0.469803 0.051655 4 3 0
0.004594 0.469856 0.0516346 4 3 0
0.0045948 0.469971 0.0516072 4 3 0
0.00459483 0.469967 0.0516065 4 3 0
0.00459547 0.470047 0.0515818 4 3 0
0.00459581 0.470083 0.0515669 4 3 0
0.00459615 0.470135 0.0515509 4 3 0
0.00459643 0.470171 0.0515364 4 3 0
0.00459663 0.470236 0.0515232 4 3 0
0.00459681 0.470275 0.0515085 4 3 0
0.00459693 0.470276 0.0514963 4 3 0
0.00459701 0.470335 0.0514848 4 3 0
0.00459705 0.470336 0.0514741 4 3 0
0.00459706 0.470387 0.0514623 4 3 0
0.00459702 0.470394 0.0514517 4 3 0
0.00459702 0.470403 0.0514512 4 3 0
0.00459687 0.470443 0.0514353 4 3 0
0.00459687 0.470447 0.0514349 4 3 0
0.0045967 0.470437 0.0514235 4 3 0
0.00459659 0.47047 0.0514177 4 3 0
0.00459631 0.470469 0.0514069 4 3 0
0.00459631 0.470473 0.0514068 4 3 0
0.00459606 0.470498 0.0513985 4 3 0
0.00459573 0.470498 0.0513907 4 3 0
0.00459531 0.470506 0.0513822 4 3 0
0.00459499 0.470515 0.0513753 4 3 0
0.00459461 0.470498 0.0513691 4 3 0
0.00459409 0.470494 0.0513626 4 3 0
0.0045933 0.470492 0.0513541 4 3 0
0.00459332 0.470502 0.0513544 4 3 0
0.00459272 0.47048 0.0513483 4 3 0
0.00459235 0.470486 0.0513454 4 3 0
0.00459199 0.470461 0.051343 4 3 0
0.00459156 0.470443 0.0513393 4 3 0
0.00459107 0.470418 0.0513375 4 3 0
0.00459057 0.470415 0.0513341 4 3 0
0.00459004 0.470414 0.0513312 4 3 0
0.00459002 0.47042 0.0513311 4 3 0
0.00458919 0.470406 0.0513286 4 3 0
0.00458875 0.470352 0.0513261 4 3 0
0.00458831 0.470375 0.0513253 4 3 0
0.00458781 0.470351 0.0513241 4 3 0
0.00458727 0.470343 0.0513223 4 3 0
0.00458668 0.470323 0.0513213 4 3 0
0.00458601 0.470285 0.0513206 4 3 0
0.00458534 0.470266 0.0513193 4 3 0
0.00458464 0.470248 0.0513187 4 3 0
0.00458382 0.470206 0.051318 4 3 0
0.0045835 0.470207 0.051318 4 3 0
0.00458266 0.470169 0.0513184 4 3 0
0.00458167 0.470137 0.0513185 4 3 0
0.00458167 0.470137 0.0513185 4 3 0
0.00458057 0.470073 0.0513197 4 3 0
0.00457993 0.470039 0.0513198 4 3 0
0.00457929 0.47004 0.0513203 4 3 0
0.00457869 0.47001 0.0513221 4 3 0
0.00457718 0.469931 0.051324 4 3 0
0.00457641 0.469914 0.0513257 4 3 0
0.00457562 0.469853 0.0513267 4 3 0
0.00457481 0.469844 0.0513288 4 3 0
0.00457392 0.469778 0.0513309 4 3 0
0.00457355 0.469789 0.0513323 4 3 0
0.00457254 0.469734 0.0513346 4 3 0
0.00457251 0.469731 0.0513347 4 3 0
0.00457077 0.469661 0.05134 4 3 0
0.00456986 0.469609 0.0513429 4 3 0
0.00456894 0.469565 0.0513466 4 3 0
0.00456893 0.469565 0.0513467 4 3 0
0.00456739 0.469483 0.0513518 4 3 0
0.0045666 0.469424 0.0513548 4 3 0
0.00456598 0.46942 0.0513578 4 3 0
0.00456466 0.469358 0.0513627 4 3 0
0.00456446 0.469333 0.0513635 4 3 0
0.00456296 0.469254 0.0513706 4 3 0
0.00456219 0.469244 0.0513737 4 3 0
0.00456209 0.469234 0.0513743 4 3 0
0.00456039 0.469142 0.0513816 4 3 0
0.00456039 0.469147 0.0513816 4 3 0
0.00455864 0.469045 0.0513904 4 3 0
0.00455862 0.469041 0.0513905 4 3 0
0.00455684 0.468955 0.0514002 4 3 0
0.00455597 0.468905 0.0514044 4 3 0
0.00455413 0.468799 0.0514135 4 3 0
0.0045532 0.468767 0.0514186 4 3 0
0.00455305 0.468769 0.0514194 4 3 0
0.00455096 0.468662 0.0514322 4 3 0
0.00455094 0.468655 0.0514316 4 3 0
0.00454884 0.468536 0.0514442 4 3 0
0.00454764 0.468452 0.0514519 4 3 0
0.00454645 0.468419 0.0514588 4 3 0
0.00454633 0.468412 0.0514597 4 3 0
0.00454436 0.468303 0.0514713 4 3 0
0.00454323 0.468241 0.0514784 4 3 0
0.00454099 0.468118 0.0514937 4 3 0
0.00453986 0.468056 0.0515006 4 3 0
0.00453873 0.46797 0.0515082 4 3 0
0.00453834 0.467963 0.051511 4 3 0
0.0045371 0.467896 0.0515207 4 3 0
0.00453705 0.467891 0.0515209 4 3 0
0.00453554 0.467813 0.0515305 4 3 0
0.00453516 0.46778 0.051533 4 3 0
0.00453348 0.467672 0.0515464 4 3 0
0.00453254 0.46763 0.0515523 4 3 0
0.00453209 0.467594 0.0515553 4 3 0
0.00453002 0.467491 0.0515718 4 3 0
0.00452988 0.467488 0.0515727 4 3 0
0.00452779 0.467355 0.0515872 4 3 0
0.00452674 0.467304 0.0515955 4 3 0
0.00452647 0.467292 0.0515977 4 3 0
0.00452411 0.467135 0.051616 4 3 0
0.00452407 0.467132 0.0516169 4 3 0
0.00452233 0.467046 0.0516303 4 3 0
0.00452201 0.467029 0.0516327 4 3 0
0.00452008 0.466892 0.0516494 4 3 0
0.00451916 0.466861 0.0516561 4 3 0
0.00451757 0.466765 0.0516691 4 3 0
0.00451577 0.466646 0.0516841 4 3 0
0.00451396 0.466528 0.051701 4 3 0
0.00451397 0.466521 0.0517013 4 3 0
0.00451222 0.466435 0.0517161 4 3 0
0.00451124 0.46636 0.0517239 4 3 0
0.00451018 0.466317 0.051733 4 3 0
0.00450901 0.466233 0.0517436 4 3 0
0.00450772 0.466163 0.0517555 4 3 0
0.00450754 0.466145 0.0517573 4 3 0
0.00450545 0.466011 0.0517768 4 3 0
0.00450428 0.465949 0.051789 4 3 0
0.00450424 0.465946 0.0517894 4 3 0
0.00450196 0.465777 0.0518104 4 3 0
0.00450082 0.465709 0.0518226 4 3 0
0.00449972 0.465657 0.0518342 4 3 0
0.00449927 0.465608 0.051838 4 3 0
0.00449809 0.465529 0.0518507 4 3 0
0.00449682 0.465448 0.0518663 4 3 0
0.00449565 0.465368 0.051879 4 3 0
0.00449451 0.465306 0.0518924 4 3 0
0.00449335 0.465216 0.0519097 4 3 0
0.00449319 0.465202 0.0519108 4 3 0
0.00449192 0.465086 0.051934 4 3 0
0.0044916 0.465073 0.0519456 4 3 0
0.00449155 0.465031 0.0519506 4 3 0
0.00449169 0.465045 0.0519582 4 3 0
0.00449259 0.465065 0.0519697 4 3 0
0.00449446 0.465121 0.0519759 4 3 0
0.00449557 0.465135 0.0519782 4 3 0
0.00449799 0.465227 0.0519798 4 3 0
0.00449804 0.465266 0.0519793 4 3 0
0.00450064 0.465382 0.0519798 4 3 0
0.00450199 0.465409 0.0519794 4 3 0
0.00450336 0.465495 0.0519801 4 3 0
0.00450483 0.46554 0.0519784 4 3 0
0.00450794 0.465672 0.051978 4 3 0
0.00450952 0.465757 0.0519752 4 3 0
0.0045127 0.465865 0.0519733 4 3 0
0.00451416 0.465964 0.0519711 4 3 0
0.00451736 0.466103 0.0519679 4 3 0
0.00451898 0.466171 0.0519667 4 3 0
0.00452059 0.466227 0.0519635 4 3 0
0.00452235 0.466324 0.0519611 4 3 0
0.00452324 0.466364 0.0519598 4 3 0
0.00452678 0.466469 0.0519546 4 3 0
0.00452789 0.466568 0.0519532 4 3 0
0.00453141 0.466721 0.0519457 4 3 0
0.00453314 0.466759 0.0519433 4 3 0
0.00453574 0.466922 0.0519366 4 3 0
0.00453705 0.466948 0.0519339 4 3 0
0.00453847 0.467044 0.051932 4 3 0
0.00454003 0.467081 0.0519264 4 3 0
0.00454174 0.467172 0.0519233 4 3 0
0.00454344 0.467269 0.0519175 4 3 0
0.0045442 0.467303 0.0519151 4 3 0
0.00454758 0.467469 0.0519059 4 3 0
0.00454928 0.467534 0.0518995 4 3 0
0.0045505 0.467603 0.0518957 4 3 0
0.0045538 0.467736 0.0518856 4 3 0
0.00455546 0.467823 0.0518784 4 3 0
0.00455709 0.467917 0.0518716 4 3 0
0.00456031 0.468036 0.0518593 4 3 0
0.00456065 0.46809 0.0518576 4 3 0
0.00456382 0.468222 0.0518441 4 3 0
0.0045654 0.468322 0.0518367 4 3 0
0.00456663 0.468344 0.0518302 4 3 0
0.00456969 0.468527 0.0518156 4 3 0
0.00457123 0.468613 0.0518092 4 3 0
0.00457127 0.468614 0.0518089 4 3 0
0.00457349 0.468728 0.0517959 4 3 0
0.00457461 0.46876 0.0517906 4 3 0
0.00457581 0.468844 0.0517826 4 3 0
0.00457713 0.468912 0.0517746 4 3 0
0.00457856 0.468981 0.0517672 4 3 0
0.00457999 0.469024 0.0517581 4 3 0
0.0045814 0.469096 0.0517496 4 3 0
0.00458165 0.469147 0.0517483 4 3 0
0.00458372 0.469221 0.0517338 4 3 0
0.00458374 0.469229 0.0517336 4 3 0
0.00458598 0.469361 0.0517198 4 3 0
0.00458721 0.469434 0.051711 4 3 0
0.00458798 0.469488 0.0517051 4 3 0
0.00458978 0.469553 0.051692 4 3 0
0.00459157 0.469682 0.0516799 4 3 0
0.00459335 0.469781 0.0516665 4 3 0
0.00459509 0.469828 0.0516515 4 3 0
0.00459681 0.469969 0.0516379 4 3 0
0.00459685 0.469951 0.0516372 4 3 0
0.00460015 0.470146 0.0516096 4 3 0
0.00460098 0.470207 0.0516021 4 3 0
0.00460173 0.470253 0.0515962 4 3 0
0.00460331 0.470304 0.0515819 4 3 0
0.00460393 0.470331 0.0515758 4 3 0
0.00460562 0.470477 0.0515615 4 3 0
0.00460633 0.470489 0.051554 4 3 0
0.00460798 0.470619 0.0515373 4 3 0
0.00460879 0.470634 0.0515292 4 3 0
0.00460966 0.470724 0.0515208 4 3 0
0.00461139 0.47083 0.0515039 4 3 0
0.00461225 0.470858 0.0514938 4 3 0
0.00461304 0.47093 0.0514855 4 3 0
0.00461469 0.471033 0.0514691 4 3 0
0.00461551 0.471045 0.0514593 4 3 0
0.00461671 0.471153 0.0514456 4 3 0
0.00461673 0.471157 0.0514453 4 3 0
0.00461801 0.471229 0.0514303 4 3 0
0.00461813 0.4712 0.0514291 4 3 0
0.00461916 0.471265 0.0514188 4 3 0
0.00462029 0.471365 0.0514029 4 3 0
0.0046214 0.471461 0.0513897 4 3 0
0.00462104 0.471427 0.0513938 4 3 0
0.00462222 0.471493 0.05138 4 3 0
0.00462287 0.471547 0.0513726 4 3 0
0.00462413 0.471614 0.0513546 4 3 0
0.00462476 0.471658 0.0513464 4 3 0
0.00462513 0.471695 0.0513414 4 3 0
0.00462645 0.471787 0.0513254 4 3 0
0.0046271 0.471827 0.0513157 4 3 0
0.00462773 0.47188 0.0513068 4 3 0
0.00462842 0.471889 0.0512962 4 3 0
0.00462916 0.471934 0.0512876 4 3 0
0.00462956 0.471962 0.0512807 4 3 0
0.00463027 0.472048 0.0512692 4 3 0
0.00463029 0.472062 0.051269 4 3 0
0.00463181 0.472172 0.051247 4 3 0
0.00463256 0.472228 0.0512342 4 3 0
0.00463292 0.472208 0.0512284 4 3 0
0.00463331 0.47225 0.0512225 4 3 0
0.00463373 0.472309 0.0512164 4 3 0
0.00463419 0.472342 0.0512087 4 3 0
0.00463468 0.472359 0.0512013 4 3 0
0.00463564 0.472396 0.0511835 4 3 0
0.00463565 0.472442 0.0511845 4 3 0
0.00463657 0.472478 0.0511679 4 3 0
0.00463707 0.472557 0.0511585 4 3 0
0.00463755 0.472561 0.0511511 4 3 0
0.00463807 0.47263 0.0511404 4 3 0
0.0046382 0.472624 0.0511379 4 3 0
0.00463875 0.472692 0.0511283 4 3 0
0.00463934 0.472736 0.0511169 4 3 0
0.00463991 0.47278 0.0511049 4 3 0
0.00464045 0.472822 0.0510942 4 3 0
0.00464104 0.472873 0.0510818 4 3 0
0.00464107 0.472886 0.0510812 4 3 0
0.00464168 0.472921 0.0510699 4 3 0
0.00464201 0.472962 0.0510615 4 3 0
0.00464201 0.472963 0.0510615 4 3 0
0.00464269 0.472981 0.0510474 4 3 0
0.00464302 0.47306 0.0510386 4 3 0
0.00464305 0.473056 0.0510379 4 3 0
0.00464368 0.473055 0.0510237 4 3 0
0.00464368 0.47305 0.0510235 4 3 0
0.00464427 0.473156 0.0510072 4 3 0
0.00464457 0.473194 0.0509998 4 3 0
0.00464487 0.473233 0.0509913 4 3 0
0.00464487 0.473234 0.0509913 4 3 0
0.00464542 0.473288 0.0509778 4 3 0
0.00464569 0.473307 0.0509689 4 3 0
0.00464593 0.473315 0.0509606 4 3 0
0.00464619 0.473371 0.0509525 4 3 0
0.00464643 0.473398 0.0509455 4 3 0
0.00464666 0.473386 0.0509396 4 3 0
0.00464691 0.473441 0.0509283 4 3 0
0.00464691 0.473447 0.0509281 4 3 0
0.00464735 0.473499 0.0509136 4 3 0
0.00464745 0.473492 0.0509075 4 3 0
0.00464755 0.473531 0.0509029 4 3 0
0.00464766 0.473548 0.0508983 4 3 0
0.00464778 0.473552 0.0508929 4 3 0
0.00464778 0.473557 0.0508927 4 3 0
0.00464801 0.473559 0.0508823 4 3 0
0.00464812 0.473619 0.0508766 4 3 0
0.00464823 0.473616 0.05087 4 3 0
0.00464837 0.47366 0.0508604 4 3 0
0.00464845 0.473656 0.0508549 4 3 0
0.00464854 0.473646 0.0508473 4 3 0
0.00464861 0.473706 0.0508411 4 3 0
0.00464867 0.473704 0.0508335 4 3 0
0.00464872 0.473684 0.0508278 4 3 0
0.00464875 0.473749 0.0508195 4 3 0
0.00464877 0.473746 0.050816 4 3 0
0.00464877 0.4738 0.0508072 4 3 0
0.00464877 0.473757 0.0508026 4 3 0
0.00464875 0.473791 0.0507963 4 3 0
0.00464875 0.473781 0.0507961 4 3 0
0.00464864 0.473854 0.0507839 4 3 0
0.00464861 0.473837 0.0507811 4 3 0
0.00464858 0.47383 0.0507768 4 3 0
0.00464855 0.473837 0.0507744 4 3 0
0.00464847 0.473846 0.0507706 4 3 0
0.00464838 0.473872 0.0507644 4 3 0
0.00464827 0.473885 0.0507584 4 3 0
0.00464815 0.473856 0.0507534 4 3 0
0.00464813 0.473884 0.0507528 4 3 0
0.00464798 0.473904 0.0507487 4 3 0
0.0046479 0.473864 0.0507465 4 3 0
0.00464771 0.473904 0.0507393 4 3 0
0.0046476 0.473864 0.0507363 4 3 0
0.0046476 0.47392 0.0507374 4 3 0
0.00464736 0.473922 0.050731 4 3 0
0.00464718 0.473895 0.0507266 4 3 0
0.00464704 0.473931 0.0507255 4 3 0
0.00464687 0.473903 0.0507209 4 3 0
0.00464669 0.473903 0.0507173 4 3 0
0.0046465 0.473916 0.0507149 4 3 0
0.00464631 0.473933 0.0507138 4 3 0
0.00464611 0.473903 0.0507098 4 3 0
0.00464591 0.473889 0.0507077 4 3 0
0.00464586 0.473931 0.0507075 4 3 0
0.00464565 0.473904 0.0507032 4 3 0
0.00464564 0.473928 0.0507033 4 3 0
0.00464515 0.473916 0.0506971 4 3 0
0.00464514 0.47392 0.050697 4 3 0
0.00464489 0.47391 0.0506961 4 3 0
0.0046446 0.4739 0.0506918 4 3 0
0.0046443 0.473872 0.0506891 4 3 0
0.00464429 0.473906 0.0506898 4 3 0
0.00464359 0.473896 0.0506844 4 3 0
0.00464341 0.473894 0.0506845 4 3 0
0.00464341 0.473896 0.0506839 4 3 0
0.00464304 0.473874 0.0506804 4 3 0
0.00464303 0.473864 0.0506803 4 3 0
0.00464272 0.473825 0.0506796 4 3 0
0.00464246 0.473876 0.0506768 4 3 0
0.00464211 0.473865 0.0506744 4 3 0
0.0046421 0.473854 0.0506751 4 3 0
0.00464127 0.473846 0.0506717 4 3 0
0.00464106 0.473839 0.0506713 4 3 0
0.00464085 0.473834 0.0506695 4 3 0
0.00464061 0.473826 0.0506698 4 3 0
0.00464034 0.473791 0.050668 4 3 0
0.00464005 0.473811 0.050666 4 3 0
0.00463972 0.473781 0.0506651 4 3 0
0.00463938 0.473761 0.0506654 4 3 0
0.00463904 0.473747 0.0506657 4 3 0
0.00463869 0.473743 0.0506634 4 3 0
0.00463834 0.473754 0.0506615 4 3 0
0.00463798 0.473739 0.0506608 4 3 0
0.00463758 0.473733 0.05066 4 3 0
0.00463718 0.47363 0.0506606 4 3 0
0.00463701 0.473695 0.0506591 4 3 0
0.00463655 0.473671 0.0506585 4 3 0
0.00463653 0.47365 0.0506585 4 3 0
0.00463576 0.473675 0.0506575 4 3 0
0.00463532 0.473649 0.0506575 4 3 0
0.00463488 0.473564 0.0506589 4 3 0
0.00463443 0.473604 0.0506566 4 3 0
0.00463398 0.473604 0.0506571 4 3 0
0.00463352 0.47358 0.0506587 4 3 0
0.00463351 0.473592 0.0506568 4 3 0
0.00463258 0.473525 0.050658 4 3 0
0.00463207 0.473518 0.0506567 4 3 0
0.00463209 0.473537 0.0506575 4 3 0
0.00463161 0.473489 0.0506567 4 3 0
0.00463106 0.473462 0.0506574 4 3 0
0.00463051 0.473448 0.0506593 4 3 0
0.0046305 0.473438 0.0506594 4 3 0
0.00462937 0.473428 0.0506583 4 3 0
0.00462908 0.473413 0.0506604 4 3 0
0.00462907 0.473407 0.0506605 4 3 0
0.00462864 0.473388 0.0506599 4 3 0
0.00462815 0.473379 0.0506608 4 3 0
0.00462779 0.473372 0.0506604 4 3 0
0.00462679 0.473339 0.0506623 4 3 0
0.00462678 0.473279 0.0506619 4 3 0
0.00462577 0.473277 0.0506638 4 3 0
0.00462524 0.473248 0.0506666 4 3 0
0.00462523 0.473216 0.0506641 4 3 0
0.00462418 0.473199 0.0506687 4 3 0
0.00462364 0.473184 0.0506682 4 3 0
0.0046231 0.473177 0.0506704 4 3 0
0.00462255 0.473112 0.0506702 4 3 0
0.00462197 0.473124 0.0506709 4 3 0
0.00462142 0.473045 0.0506742 4 3 0
0.00462079 0.473063 0.0506742 4 3 0
0.00462018 0.47303 0.0506754 4 3 0
0.00461954 0.473017 0.0506786 4 3 0
0.00461882 0.472991 0.0506792 4 3 0
0.0046188 0.472988 0.0506793 4 3 0
0.0046177 0.472915 0.0506823 4 3 0
0.00461769 0.47291 0.0506823 4 3 0
0.00461687 0.472878 0.0506853 4 3 0
0.0046164 0.472882 0.0506867 4 3 0
0.00461639 0.472881 0.0506867 4 3 0
0.00461537 0.472767 0.0506908 4 3 0
0.00461479 0.472791 0.050694 4 3 0
0.00461479 0.472789 0.050694 4 3 0
0.00461363 0.472754 0.0506955 4 3 0
0.00461297 0.472716 0.0506987 4 3 0
0.00461231 0.47266 0.0507015 4 3 0
0.00461165 0.472657 0.0507027 4 3 0
0.00461164 0.472634 0.0507027 4 3 0
0.0046103 0.472539 0.0507087 4 3 0
0.0046096 0.472564 0.0507104 4 3 0
0.00460892 0.472493 0.0507145 4 3 0
0.00460887 0.472473 0.0507145 4 3 0
0.00460747 0.472416 0.0507188 4 3 0
0.00460675 0.472404 0.0507218 4 3 0
0.00460604 0.472381 0.0507257 4 3 0
0.00460529 0.472321 0.050731 4 3 0
0.00460456 0.47232 0.0507332 4 3 0
0.00460376 0.472237 0.0507368 4 3 0
0.00460374 0.472241 0.0507368 4 3 0
0.00460293 0.472238 0.050739 4 3 0
0.00460202 0.472141 0.0507428 4 3 0
0.00460111 0.472134 0.0507482 4 3 0
0.00460018 0.472102 0.0507517 4 3 0
0.00459924 0.472016 0.0507563 4 3 0
0.00459833 0.471992 0.0507622 4 3 0
0.00459739 0.471953 0.0507678 4 3 0
0.00459633 0.471884 0.0507723 4 3 0
0.00459633 0.471884 0.0507723 4 3 0
0.00459528 0.471847 0.0507765 4 3 0
0.00459495 0.471829 0.0507784 4 3 0
0.00459378 0.471749 0.0507865 4 3 0
0.00459377 0.471768 0.0507851 4 3 0
0.00459259 0.471695 0.0507908 4 3 0
0.00459194 0.471644 0.0507949 4 3 0
0.00459121 0.471644 0.0507993 4 3 0
0.00459123 0.471643 0.0507993 4 3 0
0.00459043 0.471591 0.050803 4 3 0
0.00458954 0.471555 0.0508097 4 3 0
0.00458871 0.471498 0.0508141 4 3 0
0.00458736 0.471399 0.0508207 4 3 0
0.00458735 0.471431 0.0508212 4 3 0
0.004586 0.471309 0.0508302 4 3 0
0.00458524 0.471313 0.0508337 4 3 0
0.00458448 0.471274 0.0508379 4 3 0
0.00458365 0.471175 0.0508437 4 3 0
0.00458364 0.47117 0.0508438 4 3 0
0.0045818 0.471078 0.0508573 4 3 0
0.00458133 0.471115 0.0508593 4 3 0
0.00458082 0.471083 0.0508617 4 3 0
0.00458026 0.471061 0.0508651 4 3 0
0.00457964 0.471028 0.0508685 4 3 0
0.00457963 0.471027 0.0508686 4 3 0
0.0045786 0.470959 0.0508751 4 3 0
0.00457857 0.470953 0.0508753 4 3 0
0.00457733 0.470897 0.0508848 4 3 0
0.00457663 0.470814 0.0508889 4 3 0
0.00457587 0.470805 0.0508953 4 3 0
0.00457503 0.470775 0.0509013 4 3 0
0.0045741 0.470687 0.0509057 4 3 0
0.00457317 0.470671 0.0509135 4 3 0
0.00457223 0.470592 0.0509202 4 3 0
0.00457129 0.470539 0.0509265 4 3 0
0.00457035 0.47048 0.0509329 4 3 0
0.0045694 0.470458 0.0509385 4 3 0
0.00456846 0.47037 0.0509457 4 3 0
0.00456751 0.470316 0.0509519 4 3 0
0.00456656 0.470288 0.0509591 4 3 0
0.00456561 0.47023 0.0509659 4 3 0
0.00456466 0.470164 0.0509733 4 3 0
0.00456371 0.470129 0.0509818 4 3 0
0.00456368 0.470079 0.0509811 4 3 0
0.00456179 0.470018 0.050997 4 3 0
0.00456088 0.46993 0.0510026 4 3 0
0.00455993 0.469919 0.0510093 4 3 0
0.00455888 0.469793 0.0510183 4 3 0
0.00455782 0.46977 0.0510285 4 3 0
0.00455677 0.469735 0.0510372 4 3 0
0.00455572 0.469621 0.051044 4 3 0
0.0045557 0.469616 0.0510441 4 3 0
0.00455456 0.469583 0.0510526 4 3 0
0.00455393 0.469529 0.0510581 4 3 0
0.00455394 0.469527 0.051058 4 3 0
0.00455256 0.469486 0.0510713 4 3 0
0.00455255 0.469485 0.0510714 4 3 0
0.00455117 0.469388 0.0510833 4 3 0
0.00455041 0.469301 0.0510882 4 3 0
0.0045489 0.46922 0.0511015 4 3 0
0.00454815 0.469175 0.0511093 4 3 0
0.00454741 0.469121 0.0511149 4 3 0
0.00454659 0.469104 0.0511221 4 3 0
0.0045457 0.469071 0.0511309 4 3 0
0.00454482 0.469016 0.0511394 4 3 0
0.00454477 0.46901 0.0511399 4 3 0
0.00454347 0.468932 0.0511543 4 3 0
0.00454276 0.468881 0.05116 4 3 0
0.00454273 0.468882 0.0511602 4 3 0
0.00454135 0.468797 0.0511732 4 3 0
0.00454061 0.468737 0.0511814 4 3 0
0.00453988 0.468655 0.0511905 4 3 0
0.00453917 0.468607 0.0512007 4 3 0
0.00453849 0.468548 0.0512053 4 3 0
0.00453784 0.468548 0.0512146 4 3 0
0.00453721 0.468519 0.0512238 4 3 0
0.0045372 0.468519 0.0512219 4 3 0
0.0045361 0.468438 0.0512391 4 3 0
0.00453563 0.468369 0.0512463 4 3 0
0.00453562 0.468399 0.0512463 4 3 0
0.00453497 0.468327 0.0512647 4 3 0
0.00453481 0.468287 0.0512734 4 3 0
0.0045348 0.468301 0.0512761 4 3 0
0.00453516 0.468263 0.0512894 3 3 0
0.00453564 0.46829 0.0512965 4 3 0
0.00453629 0.468269 0.0513033 4 3 0
0.00453709 0.468328 0.0513085 4 3 0
0.00453809 0.468334 0.0513124 4 3 0
0.00453811 0.468356 0.0513126 4 3 0
0.00454041 0.46838 0.0513231 4 3 0
0.00454104 0.468429 0.051326 4 3 0
0.00454104 0.468407 0.0513237 4 3 0
0.00454244 0.468451 0.0513266 4 3 0
0.00454407 0.468526 0.0513317 4 3 0
0.00454489 0.468588 0.0513326 4 3 0
0.00454516 0.468599 0.051333 4 3 0
0.004547 0.468659 0.0513372 4 3 0
0.00454794 0.468701 0.0513383 4 3 0
0.00454898 0.468746 0.0513408 4 3 0
0.00455013 0.468785 0.0513443 4 3 0
0.0045514 0.468797 0.0513451 4 3 0
0.00455269 0.468872 0.0513459 4 3 0
0.00455397 0.468933 0.0513476 4 3 0
0.00455539 0.468988 0.0513499 4 3 0
0.00455683 0.469 0.0513509 4 3 0
0.00455819 0.469047 0.0513529 4 3 0
0.00455962 0.469123 0.0513553 4 3 0
0.00455953 0.469134 0.0513553 4 3 0
0.00456126 0.469208 0.0513553 4 3 0
0.00456221 0.46919 0.0513569 4 3 0
0.00456326 0.469225 0.051359 4 3 0
0.00456442 0.469316 0.0513582 4 3 0
0.00456569 0.469344 0.051358 4 3 0
0.00456697 0.469433 0.0513594 4 3 0
0.00456824 0.469449 0.0513618 4 3 0
0.00456951 0.469516 0.0513597 4 3 0
0.00457078 0.469546 0.0513592 4 3 0
0.00457204 0.469629 0.0513594 4 3 0
0.0045733 0.469677 0.0513618 4 3 0
0.00457539 0.469767 0.0513592 4 3 0
0.00457676 0.469766 0.0513579 4 3 0
0.00457828 0.46988 0.0513598 4 3 0
0.0045787 0.469866 0.0513592 4 3 0
0.0045802 0.46992 0.0513563 4 3 0
0.00458185 0.470008 0.051355 4 3 0
0.0045835 0.470097 0.0513548 4 3 0
0.00458551 0.470183 0.0513503 4 3 0
0.00458671 0.470168 0.0513489 4 3 0
0.00458767 0.470214 0.0513485 4 3 0
0.00458898 0.470329 0.0513489 4 3 0
0.00459043 0.470349 0.0513426 4 3 0
0.00459188 0.470439 0.0513398 4 3 0
0.00459331 0.470486 0.0513381 4 3 0
0.00459473 0.470577 0.051336 4 3 0
0.00459613 0.470585 0.0513309 4 3 0
0.00459721 0.470677 0.0513276 4 3 0
0.00459873 0.470672 0.0513253 4 3 0
0.00459956 0.470707 0.0513242 4 3 0
0.00460047 0.470773 0.0513201 4 3 0
0.00460146 0.47082 0.0513157 4 3 0
0.00460255 0.470905 0.0513124 4 3 0
0.00460366 0.47097 0.0513098 4 3 0
0.00460483 0.471028 0.0513065 4 3 0
0.00460613 0.471046 0.0513005 4 3 0
0.00460674 0.471061 0.0512979 4 3 0
0.004608 0.471172 0.0512934 4 3 0
0.00460805 0.471177 0.0512932 4 3 0
0.00461013 0.471198 0.0512881 4 3 0
0.00461117 0.471323 0.0512807 4 3 0
0.00461119 0.471323 0.0512806 4 3 0
0.00461322 0.471381 0.0512714 4 3 0
0.00461325 0.47142 0.051271 4 3 0
0.00461524 0.47148 0.0512633 4 3 0
0.00461634 0.471572 0.0512595 4 3 0
0.00461742 0.471613 0.0512526 4 3 0
0.00461849 0.471606 0.0512457 4 3 0
0.00461955 0.471731 0.0512396 4 3 0
0.00461958 0.471723 0.05124 4 3 0
0.00462114 0.471716 0.0512338 4 3 0
0.00462186 0.471762 0.0512283 4 3 0
0.00462354 0.471879 0.0512168 4 3 0
0.00462415 0.471938 0.0512131 4 3 0
0.0046258 0.47195 0.0512044 4 3 0
0.00462582 0.472007 0.0512053 4 3 0
0.00462743 0.472127 0.0511924 4 3 0
0.00462832 0.472098 0.0511861 4 3 0
0.00462833 0.472177 0.0511861 4 3 0
0.00463005 0.472245 0.0511751 4 3 0
0.00463008 0.472254 0.0511749 4 3 0
0.00463194 0.472334 0.0511632 4 3 0
0.00463287 0.472401 0.0511545 4 3 0
0.00463379 0.472474 0.0511466 4 3 0
0.00463469 0.472475 0.0511404 4 3 0
0.00463557 0.472564 0.0511351 4 3 0
0.00463645 0.472585 0.0511275 4 3 0
0.00463661 0.472611 0.0511271 4 3 0
0.00463747 0.472663 0.0511183 4 3 0
0.00463841 0.472713 0.0511089 4 3 0
0.00463934 0.472782 0.0511005 4 3 0
0.00464026 0.472811 0.0510929 4 3 0
0.00464116 0.472872 0.0510864 4 3 0
0.00464206 0.47294 0.0510778 4 3 0
0.00464293 0.472978 0.051068 4 3 0
0.0046438 0.473004 0.0510591 4 3 0
0.00464465 0.473093 0.051052 4 3 0
0.00464549 0.473083 0.0510445 4 3 0
0.00464632 0.473186 0.0510343 4 3 0
0.00464714 0.473222 0.0510265 4 3 0
0.00464794 0.473291 0.0510168 4 3 0
0.00464873 0.473244 0.051008 4 3 0
0.0046495 0.473387 0.0509999 4 3 0
0.00465027 0.473376 0.050993 4 3 0
0.0046507 0.473357 0.0509895 4 3 0
0.00465143 0.473485 0.0509797 4 3 0
0.00465224 0.47356 0.0509683 4 3 0
0.00465225 0.473561 0.0509681 4 3 0
0.0046531 0.47355 0.050957 4 3 0
0.00465357 0.473591 0.0509516 4 3 0
0.00465407 0.473656 0.0509463 4 3 0
0.00465455 0.473659 0.05094 4 3 0
0.00465536 0.47367 0.0509317 4 3 0
0.0046555 0.473765 0.0509294 4 3 0
0.00465636 0.473789 0.0509159 4 3 0
0.00465679 0.473801 0.0509094 4 3 0
0.0046572 0.473816 0.0509036 4 3 0
0.0046581 0.473872 0.050891 4 3 0
0.00465854 0.473931 0.0508853 4 3 0
0.00465897 0.473981 0.0508802 4 3 0
0.00465898 0.473992 0.05088 4 3 0
0.0046599 0.474075 0.0508659 4 3 0
0.00466041 0.474069 0.0508572 4 3 0
0.00466041 0.474058 0.050858 4 3 0
0.00466138 0.4741 0.0508419 4 3 0
0.00466139 0.474089 0.0508417 4 3 0
0.00466208 0.474195 0.0508323 4 3 0
0.00466246 0.474177 0.0508269 4 3 0
0.00466253 0.474245 0.0508254 4 3 0
0.00466313 0.474306 0.0508138 4 3 0
0.00466333 0.474212 0.05081 4 3 0
0.00466397 0.474279 0.0507989 4 3 0
0.00466419 0.474384 0.0507949 4 3 0
0.00466479 0.474436 0.0507847 4 3 0
0.0046648 0.474435 0.0507846 4 3 0
0.00466538 0.474483 0.0507754 4 3 0
0.00466567 0.474496 0.0507717 4 3 0
0.00466598 0.474468 0.050765 4 3 0
0.00466631 0.474516 0.0507576 4 3 0
0.00466667 0.474583 0.0507492 4 3 0
0.00466705 0.474563 0.0507407 4 3 0
0.00466741 0.474558 0.0507345 4 3 0
0.00466773 0.474662 0.0507297 4 3 0
0.00466811 0.474597 0.0507202 4 3 0
0.00466853 0.474714 0.0507113 4 3 0
0.00466872 0.474731 0.0507083 4 3 0
0.00466893 0.474766 0.0507022 4 3 0
0.00466893 0.474779 0.0507024 4 3 0
0.00466938 0.474784 0.0506906 4 3 0
0.00466962 0.474785 0.0506837 4 3 0
0.00466986 0.474825 0.0506777 4 3 0
0.00466985 0.474832 0.0506779 4 3 0
0.00467022 0.474831 0.0506683 4 3 0
0.0046704 0.474915 0.0506635 4 3 0
0.00467059 0.474917 0.050659 4 3 0
0.00467079 0.474858 0.0506546 4 3 0
0.004671 0.474916 0.0506486 4 3 0
0.00467123 0.474988 0.0506426 4 3 0
0.00467126 0.474958 0.0506418 4 3 0
0.00467147 0.475025 0.0506345 4 3 0
0.00467166 0.474986 0.0506277 4 3 0
0.00467188 0.475068 0.0506202 4 3 0
0.0046721 0.475027 0.0506128 4 3 0
0.00467211 0.475016 0.0506127 4 3 0
0.00467243 0.475094 0.0506036 3 3 0
0.00467258 0.475151 0.0505967 4 3 0
0.00467258 0.475151 0.0505966 4 3 0
0.00467285 0.475178 0.0505843 4 3 0
0.00467299 0.475198 0.0505783 4 3 0
0.00467312 0.475125 0.0505728 3 3 0
0.00467324 0.475236 0.0505684 4 3 0
0.00467336 0.475187 0.0505616 4 3 0
0.00467346 0.475266 0.0505576 4 3 0
0.00467355 0.475197 0.0505544 4 3 0
0.00467364 0.47528 0.0505479 4 3 0
0.00467373 0.475229 0.05054 4 3 0
0.00467379 0.475319 0.0505335 4 3 0
0.0046738 0.475281 0.0505351 4 3 0
0.00467392 0.475368 0.0505217 4 3 0
0.00467395 0.475357 0.0505191 4 3 0
0.00467399 0.475348 0.0505151 4 3 0
0.00467403 0.475384 0.0505111 4 3 0
0.00467404 0.47541 0.0505068 4 3 0
0.00467405 0.475417 0.0505033 4 3 0
0.00467406 0.475418 0.0505016 4 3 0
0.00467407 0.475397 0.0504963 4 3 0
0.00467407 0.475412 0.0504955 4 3 0
0.00467407 0.475457 0.0504843 4 3 0
0.00467405 0.47539 0.0504798 4 3 0
0.00467403 0.475465 0.050477 4 3 0
0.004674 0.475444 0.0504718 4 3 0
0.00467397 0.475493 0.0504675 4 3 0
0.00467393 0.475503 0.0504634 4 3 0
0.00467388 0.47543 0.0504601 4 3 0
0.00467383 0.475509 0.0504578 4 3 0
0.00467377 0.475515 0.0504541 4 3 0
0.0046737 0.475482 0.0504499 4 3 0
0.00467363 0.475536 0.0504447 4 3 0
0.00467363 0.475512 0.0504472 4 3 0
0.00467346 0.475475 0.0504371 4 3 0
0.00467342 0.475545 0.0504351 4 3 0
0.00467337 0.475539 0.0504334 4 3 0
0.00467331 0.475537 0.050431 4 3 0
0.00467324 0.47555 0.0504289 4 3 0
0.00467317 0.47553 0.0504269 4 3 0
0.00467308 0.475469 0.0504254 4 3 0
0.00467298 0.475554 0.0504235 4 3 0
0.00467286 0.475451 0.0504197 4 3 0
0.00467274 0.47555 0.0504153 4 3 0
0.00467262 0.475574 0.0504118 4 3 0
0.00467247 0.475578 0.050409 4 3 0
0.00467232 0.475491 0.0504054 4 3 0
0.00467216 0.475582 0.0504029 4 3 0
0.004672 0.475512 0.0504 4 3 0
0.00467183 0.475582 0.0503989 4 3 0
0.00467178 0.475495 0.0503988 4 3 0
0.00467161 0.47556 0.0503959 4 3 0
0.0046714 0.475583 0.0503935 4 3 0
0.00467119 0.475542 0.0503883 4 3 0
0.00467097 0.47558 0.0503868 4 3 0
0.00467075 0.47554 0.0503821 4 3 0
0.00467075 0.475546 0.050382 4 3 0
0.00467049 0.475526 0.0503788 4 3 0
0.00467035 0.475535 0.0503769 4 3 0
0.00467035 0.475539 0.0503769 4 3 0
0.00467003 0.475491 0.0503738 4 3 0
0.00467002 0.475513 0.0503737 4 3 0
0.00466977 0.475516 0.0503727 4 3 0
0.00466976 0.475565 0.0503712 4 3 0
0.00466948 0.475556 0.0503703 4 3 0
0.00466932 0.475548 0.0503705 4 3 0
0.00466932 0.475559 0.0503693 4 3 0
0.00466897 0.475465 0.0503667 4 3 0
0.00466876 0.475539 0.0503637 4 3 0
0.00466856 0.475436 0.050365 4 3 0
0.00466849 0.47554 0.0503639 4 3 0
0.00466826 0.475528 0.0503606 4 3 0
0.00466826 0.475503 0.0503628 4 3 0
0.00466775 0.475435 0.0503563 4 3 0
0.00466761 0.475492 0.0503553 4 3 0
0.00466747 0.475518 0.0503551 4 3 0
0.0046673 0.475512 0.0503537 4 3 0
0.00466712 0.475517 0.0503526 4 3 0
0.00466692 0.475506 0.0503518 4 3 0
0.00466692 0.475509 0.0503517 4 3 0
0.00466658 0.475495 0.0503502 4 3 0
0.00466639 0.475387 0.0503492 4 3 0
0.0046662 0.475408 0.0503489 4 3 0
0.00466577 0.475388 0.0503501 4 3 0
0.00466556 0.47544 0.0503475 4 3 0
0.00466534 0.475431 0.0503485 4 3 0
0.0046651 0.475384 0.0503459 4 3 0
0.00466483 0.475451 0.0503456 4 3 0
0.00466452 0.475394 0.050343 4 3 0
0.00466422 0.475431 0.0503413 4 3 0
0.00466425 0.475441 0.0503435 4 3 0
0.00466394 0.47537 0.0503411 4 3 0
0.0046636 0.475403 0.0503396 4 3 0
0.00466325 0.475394 0.0503388 4 3 0
0.00466304 0.475393 0.0503387 4 3 0
0.00466269 0.475377 0.0503395 4 3 0
0.00466229 0.475381 0.0503386 4 3 0
0.00466229 0.475381 0.0503386 4 3 0
0.00466189 0.475333 0.0503383 4 3 0
0.00466188 0.475308 0.0503378 4 3 0
0.00466144 0.475267 0.0503374 4 3 0
0.00466119 0.475235 0.050336 4 3 0
0.00466119 0.475345 0.0503371 4 3 0
0.00466064 0.475235 0.0503346 4 3 0
0.00466032 0.475303 0.0503343 4 3 0
0.00466001 0.47529 0.0503342 4 3 0
0.0046597 0.475195 0.0503337 4 3 0
0.00465935 0.475276 0.0503342 4 3 0
0.00465899 0.475259 0.0503337 4 3 0
0.00465864 0.475231 0.0503349 4 3 0
0.00465833 0.47516 0.0503367 4 3 0
0.00465797 0.475234 0.0503341 4 3 0
0.00465757 0.475116 0.0503363 4 3 0
0.00465716 0.475205 0.0503369 4 3 0
0.00465675 0.475128 0.0503378 4 3 0
0.00465674 0.475113 0.0503377 4 3 0
0.0046559 0.475047 0.0503337 4 3 0
0.0046559 0.475159 0.0503379 4 3 0
0.00465548 0.475069 0.0503355 4 3 0
0.004655 0.475071 0.0503341 4 3 0
0.004655 0.475118 0.0503356 4 3 0
0.00465453 0.475092 0.0503343 4 3 0
0.00465426 0.47507 0.0503342 4 3 0
0.00465397 0.475005 0.0503344 4 3 0
0.00465365 0.475044 0.0503347 4 3 0
0.00465361 0.475065 0.0503348 4 3 0
0.00465308 0.475051 0.050336 4 3 0
0.00465278 0.475038 0.0503375 4 3 0
0.00465246 0.47502 0.0503397 4 3 0
0.00465179 0.474998 0.0503407 4 3 0
0.00465143 0.474977 0.0503392 4 3 0
0.00465075 0.474947 0.0503382 4 3 0
0.00465044 0.47491 0.0503393 4 3 0
0.00464974 0.474919 0.0503396 4 3 0
0.00464961 0.474822 0.0503399 4 3 0
0.0046489 0.474788 0.050341 4 3 0
0.00464888 0.474778 0.050341 4 3 0
0.00464816 0.474771 0.0503436 4 3 0
0.00464808 0.474845 0.0503426 4 3 0
0.00464748 0.474808 0.0503438 4 3 0
0.00464714 0.474803 0.0503453 4 3 0
0.00464678 0.47477 0.0503452 4 3 0
0.00464637 0.474778 0.0503471 4 3 0
0.00464591 0.474734 0.0503501 4 3 0
0.00464591 0.474758 0.0503478 4 3 0
0.00464499 0.474639 0.0503511 4 3 0
0.00464476 0.474684 0.0503508 4 3 0
0.0046445 0.474682 0.0503534 4 3 0
0.00464422 0.474689 0.0503531 4 3 0
0.00464391 0.474669 0.0503527 4 3 0
0.00464357 0.474658 0.050355 4 3 0
0.00464318 0.47462 0.0503545 4 3 0
0.00464276 0.474518 0.0503545 4 3 0
0.00464229 0.474606 0.0503558 4 3 0
0.00464181 0.474527 0.0503565 4 3 0
0.00464134 0.474493 0.0503582 4 3 0
0.00464133 0.474532 0.0503581 4 3 0
0.00464061 0.474514 0.05036 4 3 0
0.00464024 0.474505 0.0503617 4 3 0
0.00463984 0.474457 0.0503622 4 3 0
0.0046394 0.474478 0.0503643 4 3 0
0.00463927 0.474437 0.050365 4 3 0
0.00463878 0.474423 0.0503665 4 3 0
0.0046384 0.474383 0.0503691 4 3 0
0.00463757 0.47433 0.0503697 4 3 0
0.00463757 0.474348 0.0503716 4 3 0
0.00463673 0.474288 0.0503722 4 3 0
0.00463672 0.474292 0.0503722 4 3 0
0.00463603 0.474309 0.0503741 4 3 0
0.00463564 0.474279 0.050375 4 3 0
0.00463521 0.474274 0.0503764 4 3 0
0.00463473 0.474261 0.0503782 4 3 0
0.00463463 0.474199 0.0503784 4 3 0
0.00463411 0.474224 0.0503802 4 3 0
0.00463352 0.474211 0.0503821 4 3 0
0.00463293 0.474102 0.0503849 4 3 0
0.00463293 0.474095 0.050385 4 3 0
0.00463233 0.474074 0.0503871 4 3 0
0.00463167 0.474112 0.0503916 4 3 0
0.00463101 0.47401 0.0503966 4 3 0
0.00463034 0.474063 0.0503957 4 3 0
0.00463004 0.474034 0.050398 4 3 0
0.00462903 0.474001 0.0504021 4 3 0
0.00462851 0.473979 0.0504061 4 3 0
0.00462807 0.473957 0.0504061 4 3 0
0.00462703 0.473866 0.0504074 4 3 0
0.0046265 0.473816 0.0504114 4 3 0
0.00462598 0.473845 0.0504122 4 3 0
0.00462539 0.473819 0.0504138 4 3 0
0.00462481 0.473794 0.0504169 4 3 0
0.00462484 0.4738 0.0504169 4 3 0
0.00462419 0.47365 0.0504189 4 3 0
0.00462347 0.473737 0.050422 4 3 0
0.00462275 0.473591 0.0504257 4 3 0
0.00462202 0.473665 0.0504307 4 3 0
0.00462128 0.473619 0.0504328 4 3 0
0.00462129 0.473618 0.0504328 4 3 0
0.00462056 0.473543 0.0504383 4 3 0
0.00462015 0.473554 0.050439 4 3 0
0.00461971 0.473541 0.0504427 4 3 0
0.00461921 0.473511 0.0504452 4 3 0
0.00461921 0.473516 0.0504443 4 3 0
0.00461812 0.473459 0.050449 4 3 0
0.00461751 0.473394 0.0504506 4 3 0
0.0046175 0.473392 0.0504523 4 3 0
0.00461629 0.473355 0.050456 4 3 0
0.00461567 0.473282 0.0504589 4 3 0
0.00461505 0.473247 0.0504622 4 3 0
0.0046147 0.473291 0.0504644 4 3 0
0.00461408 0.473183 0.0504689 4 3 0
0.0046134 0.473236 0.0504707 4 3 0
0.00461272 0.473134 0.0504752 4 3 0
0.00461203 0.473069 0.0504807 4 3 0
0.00461127 0.473113 0.0504825 4 3 0
0.0046105 0.473027 0.0504885 4 3 0
0.00460972 0.473048 0.0504931 4 3 0
0.00460895 0.472989 0.0504972 4 3 0
0.00460817 0.472919 0.0505013 4 3 0
0.00460739 0.472834 0.050504 4 3 0
0.0046066 0.472886 0.0505099 4 3 0
0.00460659 0.472885 0.0505099 4 3 0
0.00460581 0.472748 0.0505128 4 3 0
0.00460494 0.472774 0.0505181 4 3 0
0.0046045 0.472773 0.05052 4 3 0
0.00460403 0.472735 0.0505225 4 3 0
0.0046035 0.472643 0.050526 4 3 0
0.00460292 0.472615 0.0505291 4 3 0
0.00460272 0.472681 0.0505303 4 3 0
0.00460208 0.472646 0.0505341 4 3 0
0.00460137 0.472601 0.0505385 4 3 0
0.00460066 0.472515 0.0505438 4 3 0
0.00459995 0.472471 0.0505473 4 3 0
0.00459923 0.472437 0.0505529 4 3 0
0.00459852 0.472435 0.0505594 4 3 0
0.00459781 0.472418 0.0505617 4 3 0
0.00459765 0.472392 0.050563 4 3 0
0.00459687 0.472272 0.0505695 4 3 0
0.00459599 0.472299 0.0505749 4 3 0
0.00459512 0.472253 0.0505786 4 3 0
0.00459424 0.472155 0.0505834 4 3 0
0.00459336 0.472109 0.0505897 4 3 0
0.00459248 0.472124 0.050595 4 3 0
0.00459208 0.471973 0.0505978 4 3 0
0.00459121 0.472049 0.0506035 4 3 0
0.00459075 0.471934 0.0506067 4 3 0
0.00458979 0.471981 0.0506148 4 3 0
0.00458979 0.471972 0.0506133 4 3 0
0.00458883 0.471882 0.0506201 4 3 0
0.0045883 0.471764 0.0506245 4 3 0
0.00458724 0.471771 0.0506324 4 3 0
0.00458679 0.471812 0.0506368 4 3 0
0.00458573 0.471732 0.0506472 4 3 0
0.00458519 0.471638 0.0506476 4 3 0
0.00458461 0.471622 0.0506537 4 3 0
0.00458397 0.471552 0.0506595 4 3 0
0.00458396 0.471648 0.0506569 4 3 0
0.00458255 0.471532 0.0506685 4 3 0
0.00458183 0.471459 0.0506719 4 3 0
0.00458183 0.471537 0.0506751 4 3 0
0.00458113 0.471464 0.0506789 4 3 0
0.00458035 0.471369 0.0506827 4 3 0
0.00457958 0.471342 0.0506888 4 3 0
0.00457956 0.471329 0.0506889 4 3 0
0.00457801 0.471316 0.0506992 4 3 0
0.00457763 0.471243 0.050703 4 3 0
0.00457761 0.471235 0.0507031 4 3 0
0.00457698 0.471192 0.0507074 4 3 0
0.00457629 0.471189 0.0507129 4 3 0
0.00457559 0.471164 0.0507186 4 3 0
0.0045749 0.471134 0.0507252 4 3 0
0.00457489 0.471129 0.0507241 4 3 0
0.00457352 0.470974 0.0507368 4 3 0
0.00457317 0.471025 0.0507406 4 3 0
0.0045728 0.471014 0.0507423 4 3 0
0.0045725 0.470913 0.0507455 4 3 0
0.00457168 0.470945 0.0507551 4 3 0
0.00457123 0.470879 0.0507575 4 3 0
0.00457074 0.470829 0.0507637 4 3 0
0.00457025 0.470751 0.0507662 4 3 0
0.00456917 0.470777 0.0507745 4 3 0
0.00456864 0.47071 0.0507782 4 3 0
0.00456812 0.470626 0.0507824 4 3 0
0.00456811 0.470639 0.0507845 4 3 0
0.00456697 0.470644 0.0507931 4 3 0
0.00456635 0.470615 0.0507991 4 3 0
0.00456573 0.470565 0.050805 4 3 0
0.00456513 0.470447 0.0508114 4 3 0
0.00456454 0.470395 0.0508188 4 3 0
0.00456395 0.470435 0.0508252 4 3 0
0.00456339 0.47032 0.0508335 4 3 0
0.00456283 0.470335 0.0508376 4 3 0
0.00456283 0.470369 0.050838 4 3 0
0.00456178 0.470272 0.0508499 4 3 0
0.00456153 0.470304 0.0508524 4 3 0
0.00456126 0.470223 0.0508586 4 3 0
0.00456098 0.470251 0.0508612 4 3 0
0.00456068 0.470244 0.0508644 4 3 0
0.00456037 0.470184 0.0508703 4 3 0
0.00456005 0.470105 0.0508744 4 3 0
0.00455973 0.470067 0.0508796 4 3 0
0.00455944 0.470089 0.0508866 4 3 0
0.0045592 0.47009 0.0508931 4 3 0
0.00455904 0.470104 0.0509009 4 3 0
0.00455898 0.470087 0.0509069 3 3 0
0.00455902 0.469926 0.0509152 4 3 0
0.00455906 0.470057 0.0509177 4 3 0
0.00455926 0.469971 0.0509241 4 3 0
0.00455964 0.470059 0.0509323 4 3 0
0.00456017 0.469945 0.0509372 4 3 0
0.00456083 0.470061 0.050945 4 3 0
0.0045617 0.470016 0.0509502 4 3 0
0.00456268 0.470076 0.0509565 4 3 0
0.00456269 0.470129 0.050957 4 3 0
0.00456485 0.470191 0.0509687 4 3 0
0.00456526 0.47005 0.0509713 4 3 0
0.00456613 0.470124 0.050974 4 3 0
0.00456712 0.470193 0.0509791 4 3 0
0.00456813 0.47025 0.050985 4 3 0
0.00456916 0.470265 0.0509874 4 3 0
0.00457021 0.470296 0.0509931 4 3 0
0.0045708 0.47038 0.0509966 4 3 0
0.00457185 0.470325 0.0509986 4 3 0
0.00457304 0.470408 0.0510054 4 3 0
0.00457423 0.470476 0.0510082 4 3 0
0.00457543 0.47041 0.0510126 4 3 0
0.0045759 0.470549 0.0510151 4 3 0
0.0045771 0.470592 0.051016 4 3 0
0.00457712 0.470551 0.0510182 4 3 0
0.00457844 0.470634 0.0510198 4 3 0
0.00457978 0.470672 0.0510213 4 3 0
0.00457979 0.470635 0.0510241 4 3 0
0.00458112 0.470722 0.0510252 4 3 0
0.00458171 0.47066 0.0510259 4 3 0
0.00458281 0.470717 0.0510288 4 3 0
0.00458403 0.470813 0.0510306 4 3 0
0.00458526 0.470856 0.0510331 4 3 0
0.00458669 0.470841 0.051036 4 3 0
0.00458791 0.47093 0.0510388 4 3 0
0.00458865 0.470904 0.0510408 4 3 0
0.00458999 0.470997 0.0510425 4 3 0
0.00459073 0.470986 0.0510444 4 3 0
0.00459154 0.471089 0.0510468 4 3 0
0.00459243 0.471018 0.0510469 4 3 0
0.0045934 0.471091 0.0510496 4 3 0
0.00459373 0.471121 0.0510506 4 3 0
0.0045948 0.471176 0.0510519 4 3 0
0.00459598 0.471246 0.0510555 4 3 0
0.00459716 0.471298 0.0510543 4 3 0
0.00459845 0.47132 0.051057 4 3 0
0.00459975 0.471307 0.0510556 4 3 0
0.00460104 0.471343 0.0510549 4 3 0
0.00460106 0.471359 0.0510577 4 3 0
0.00460361 0.471482 0.0510555 4 3 0
0.00460426 0.471521 0.0510554 4 3 0
0.00460489 0.471557 0.0510558 4 3 0
0.00460558 0.471519 0.0510555 4 3 0
0.00460594 0.47161 0.0510554 4 3 0
0.00460746 0.471664 0.0510552 4 3 0
0.00460822 0.471717 0.0510554 4 3 0
0.00460904 0.471748 0.051056 4 3 0
0.00460905 0.471736 0.0510546 4 3 0
0.00461086 0.47182 0.0510549 4 3 0
0.00461186 0.47186 0.0510558 4 3 0
0.00461196 0.471738 0.0510536 4 3 0
0.00461294 0.471786 0.0510541 4 3 0
0.00461403 0.471886 0.0510554 4 3 0
0.0046151 0.471982 0.051054 4 3 0
0.00461628 0.471964 0.0510502 4 3 0
0.00461745 0.472014 0.0510471 4 3 0
0.00461862 0.472127 0.0510459 4 3 0
0.00461978 0.472155 0.0510428 4 3 0
0.00462092 0.472176 0.0510404 4 3 0
0.00462218 0.472261 0.0510377 4 3 0
0.00462219 0.472262 0.0510377 4 3 0
0.00462342 0.472332 0.0510354 4 3 0
0.0046241 0.472347 0.0510334 4 3 0
0.00462484 0.472398 0.051032 4 3 0
0.00462565 0.472435 0.051031 4 3 0
0.00462654 0.472474 0.0510285 4 3 0
0.00462751 0.472505 0.0510277 4 3 0
0.00462852 0.472515 0.0510235 4 3 0
0.00462947 0.47256 0.0510213 4 3 0
0.00463052 0.472646 0.0510159 4 3 0
0.00463156 0.472698 0.0510112 4 3 0
0.00463158 0.47261 0.0510127 4 3 0
0.00463311 0.472694 0.0510054 4 3 0
0.00463311 0.472695 0.0510054 4 3 0
0.00463463 0.472824 0.0509993 4 3 0
0.00463508 0.472847 0.0509977 4 3 0
0.00463657 0.472792 0.0509933 4 3 0
0.00463659 0.472858 0.0509911 4 3 0
0.00463805 0.472928 0.0509852 4 3 0
0.00463813 0.47289 0.0509849 4 3 0
0.00463893 0.473002 0.0509814 4 3 0
0.0046398 0.473082 0.0509788 4 3 0
0.00464067 0.47312 0.0509768 4 3 0
0.00464153 0.473137 0.0509707 4 3 0
0.00464155 0.473145 0.0509706 4 3 0
0.00464282 0.473122 0.0509672 4 3 0
0.00464345 0.473246 0.0509621 4 3 0
0.00464346 0.473248 0.0509621 4 3 0
0.00464448 0.473258 0.0509563 4 3 0
0.00464504 0.473332 0.0509538 4 3 0
0.00464565 0.473331 0.0509484 4 3 0
0.00464632 0.473349 0.0509427 4 3 0
0.00464634 0.473291 0.0509449 4 3 0
0.00464778 0.473406 0.0509326 4 3 0
0.0046478 0.473396 0.0509325 4 3 0
0.00464936 0.473554 0.0509212 4 3 0
0.00464965 0.47353 0.0509191 4 3 0
0.00465042 0.473547 0.0509139 4 3 0
0.00465126 0.473599 0.050908 4 3 0
0.00465209 0.473707 0.0509025 4 3 0
0.00465291 0.473686 0.0508979 4 3 0
0.00465372 0.473674 0.0508911 4 3 0
0.00465452 0.473802 0.0508869 4 3 0
0.00465475 0.473844 0.0508858 4 3 0
0.00465592 0.473822 0.0508777 4 3 0
0.00465656 0.473896 0.0508713 4 3 0
0.00465719 0.47386 0.0508643 4 3 0
0.00465812 0.473949 0.0508563 4 3 0
0.00465856 0.474048 0.0508516 4 3 0
0.00465947 0.474016 0.0508424 4 3 0
0.00465992 0.474128 0.0508387 4 3 0
0.00466041 0.474139 0.0508338 4 3 0
0.00466094 0.47417 0.0508288 4 3 0
0.00466152 0.474215 0.0508234 4 3 0
0.00466216 0.474268 0.0508179 4 3 0
0.00466278 0.474284 0.0508131 4 3 0
0.0046634 0.474327 0.0508069 4 3 0
0.00466368 0.474278 0.050805 4 3 0
0.00466428 0.47427 0.0508006 4 3 0
0.00466493 0.474392 0.0507931 4 3 0
0.00466558 0.474472 0.0507841 4 3 0
0.00466622 0.474463 0.0507759 4 3 0
0.00466685 0.474418 0.0507689 4 3 0
0.00466747 0.474563 0.0507613 4 3 0
0.00466808 0.474618 0.0507546 4 3 0
0.00466809 0.474611 0.0507542 4 3 0
0.00466898 0.474659 0.0507445 4 3 0
0.00466942 0.47468 0.0507403 4 3 0
0.00466985 0.474735 0.0507352 4 3 0
0.00467032 0.474769 0.0507313 4 3 0
0.00467083 0.474767 0.0507235 4 3 0
0.00467133 0.474833 0.0507166 4 3 0
0.0046718 0.474839 0.0507092 4 3 0
0.00467228 0.474795 0.0507022 4 3 0
0.00467281 0.474891 0.050695 4 3 0
0.00467282 0.474901 0.0506948 4 3 0
0.00467383 0.474956 0.0506828 4 3 0
0.00467409 0.474931 0.0506787 4 3 0
0.00467407 0.474947 0.0506789 4 3 0
0.00467447 0.474952 0.0506747 4 3 0
0.00467448 0.474993 0.0506733 4 3 0
0.00467534 0.475075 0.0506652 4 3 0
0.00467577 0.475122 0.0506584 4 3 0
0.00467598 0.475121 0.0506562 4 3 0
0.00467598 0.475119 0.0506562 4 3 0
0.00467643 0.475154 0.0506467 4 3 0
0.00467692 0.475186 0.0506373 4 3 0
0.00467739 0.475248 0.0506278 4 3 0
0.00467786 0.47517 0.0506193 4 3 0
0.00467831 0.475188 0.0506116 4 3 0
0.00467875 0.475356 0.0506043 4 3 0
0.00467919 0.475239 0.0505981 4 3 0
0.0046792 0.475372 0.0505969 4 3 0
0.00468002 0.475421 0.0505866 4 3 0
0.00468002 0.475421 0.0505866 4 3 0
0.00468042 0.475424 0.0505786 4 3 0
0.00468045 0.475467 0.0505777 4 3 0
0.00468087 0.475426 0.050567 4 3 0
0.00468087 0.47548 0.0505676 4 3 0
0.00468132 0.475502 0.0505569 4 3 0
0.00468156 0.47555 0.0505515 4 3 0
0.00468156 0.475489 0.0505516 4 3 0
0.00468202 0.475513 0.050542 4 3 0
0.00468204 0.475536 0.0505418 4 3 0
0.0046824 0.475647 0.0505349 4 3 0
0.0046826 0.475662 0.0505318 4 3 0
0.00468281 0.475679 0.0505289 4 3 0
0.00468304 0.475701 0.050524 4 3 0
0.00468329 0.475692 0.0505163 4 3 0
0.0046833 0.475673 0.0505159 4 3 0
0.00468354 0.475714 0.0505091 4 3 0
0.00468379 0.475625 0.050502 4 3 0
0.00468404 0.475741 0.0504957 4 3 0
0.00468427 0.475802 0.0504901 4 3 0
0.00468451 0.475691 0.0504854 4 3 0
0.0046847 0.475748 0.050482 4 3 0
0.00468491 0.47587 0.0504753 4 3 0
0.00468514 0.475809 0.0504669 4 3 0
0.00468536 0.475922 0.0504596 4 3 0
0.00468557 0.475809 0.0504533 4 3 0
0.00468568 0.475934 0.0504502 4 3 0
0.0046857 0.475894 0.0504498 4 3 0
0.00468593 0.475964 0.0504444 4 3 0
0.00468605 0.475976 0.0504421 4 3 0
0.00468605 0.475968 0.0504421 4 3 0
0.00468628 0.475981 0.0504357 4 3 0
0.00468641 0.475997 0.050429 4 3 0
0.00468652 0.476016 0.0504229 4 3 0
0.00157341 0.0905005 0.0905005 4 2 0
0.00157343 0.0908247 0.0901846 4 2 0
0.00157321 0.0913204 0.0897179 4 2 0
0.00157252 0.0920839 0.0890433 4 2 0
0.00157083 0.0932726 0.0880839 4 2 0
0.0015674 0.0951218 0.086759 4 2 0
0.00156382 0.0971085 0.085485 4 2 0
0.00156155 0.0989426 0.0843852 4 2 0
0.00156081 0.100515 0.0834692 4 2 0
0.00156081 0.100663 0.0833837 4 2 0
0.00156166 0.102467 0.0823429 4 2 0
0.00156365 0.103965 0.0814754 4 2 0
0.0015663 0.10527 0.0807143 4 2 0
0.0015694 0.106443 0.0800238 4 2 0
0.00157281 0.10752 0.0793843 4 2 0
0.00157647 0.108523 0.0787835 4 2 0
0.00158033 0.109466 0.0782134 4 2 0
0.00158434 0.11036 0.0776681 4 2 0
0.00158848 0.111214 0.0771434 4 2 0
0.00159274 0.112032 0.076636 4 2 0
0.0015971 0.112821 0.0761433 4 2 0
0.00160154 0.113584 0.0756632 4 2 0
0.00160605 0.114324 0.0751938 4 2 0
0.00160562 0.114256 0.0752376 4 2 0
0.00161019 0.114979 0.0747768 4 2 0
0.00161484 0.115687 0.0743225 4 2 0
0.00161952 0.116379 0.0738772 4 2 0
0.0016278 0.117558 0.0731127 4 2 0
0.00163258 0.11822 0.0726821 4 2 0
0.0016374 0.118875 0.0722552 4 2 0
0.00163944 0.11915 0.0720758 4 2 0
0.00164428 0.119797 0.0716532 4 2 0
0.00164835 0.120337 0.0713017 4 2 0
0.00165322 0.120981 0.0708826 4 2 0
0.00165534 0.121261 0.0707008 4 2 0
0.00166023 0.121909 0.0702828 4 2 0
0.00166618 0.122704 0.0697735 4 2 0
0.00167105 0.123366 0.0693542 4 2 0
0.00167591 0.12404 0.0689333 4 2 0
0.00168075 0.124732 0.068509 4 2 0
0.00168555 0.125447 0.06808 4 2 0
0.00168556 0.125448 0.0680791 4 2 0
0.0016903 0.126193 0.0676438 4 2 0
0.00169496 0.126981 0.0671993 4 2 0
0.00169944 0.127816 0.0667475 4 2 0
0.00170375 0.128748 0.0662705 4 2 0
0.00170763 0.129828 0.0657603 4 2 0
0.00170883 0.130278 0.0655627 4 2 0
0.00171062 0.131804 0.0649719 4 2 0
0.00169895 0.134988 0.0642512 4 2 0
0.00168939 0.137621 0.0637676 4 2 0
0.00168594 0.140758 0.0630639 4 2 0
0.00168528 0.142909 0.0625847 4 2 0
0.00168519 0.144236 0.0622996 4 2 0
0.00168537 0.146493 0.0618379 4 2 0
0.00168585 0.148905 0.0613795 4 2 0
0.00168655 0.151529 0.0609226 4 2 0
0.00168657 0.151581 0.0609141 4 2 0
0.00168745 0.154498 0.0604571 4 2 0
0.00168814 0.156692 0.0601461 4 2 0
0.00168929 0.160357 0.0596847 4 2 0
0.00168918 0.160013 0.0597252 4 2 0
0.00169049 0.164332 0.0592586 4 2 0
0.0016913 0.167166 0.058997 4 2 0
0.00169301 0.173616 0.0585144 4 2 0
0.00169534 0.183866 0.0580065 4 2 0
0.00169731 0.193884 0.0577396 4 2 0
0.00169888 0.202624 0.0576455 4 2 0
0.00169865 0.201291 0.0576527 4 2 0
0.00170062 0.212339 0.0576617 4 2 0
0.00170283 0.224141 0.0578256 4 2 0
0.00170465 0.232997 0.0580407 4 2 0
0.00170467 0.233088 0.0580432 4 2 0
0.00170631 0.240454 0.0582788 4 2 0
0.00170787 0.246906 0.0585254 4 2 0
0.00170862 0.24984 0.0586498 4 2 0
0.0017101 0.25539 0.0589058 4 2 0
0.00171156 0.260513 0.0591661 4 2 0
0.00171298 0.265199 0.0594247 4 2 0
0.00171441 0.269693 0.0596909 4 2 0
0.00171581 0.273885 0.0599556 4 2 0
0.00171723 0.277923 0.0602261 4 2 0
0.00171865 0.281749 0.0604967 4 2 0
0.00172007 0.285438 0.0607708 4 2 0
0.0017215 0.288948 0.0610443 4 2 0
0.00172294 0.292347 0.0613214 4 2 0
0.00172438 0.295623 0.0615999 4 2 0
0.00172466 0.296239 0.0616535 4 2 0
0.00172612 0.299373 0.0619336 4 2 0
0.0017276 0.3024 0.0622151 4 2 0
0.00172761 0.302423 0.0622171 4 2 0
0.00172909 0.305346 0.0624998 4 2 0
0.00173058 0.308173 0.0627838 4 2 0
0.00173209 0.310894 0.0630677 4 2 0
0.00173361 0.313537 0.0633539 4 2 0
0.00173514 0.316091 0.0636412 4 2 0
0.00173503 0.315909 0.0636206 4 2 0
0.00173658 0.318385 0.0639089 4 2 0
0.00173814 0.320778 0.0641982 4 2 0
0.00173972 0.323084 0.0644885 4 2 0
0.00174077 0.324563 0.0646806 4 2 0
0.00174236 0.326731 0.0649723 4 2 0
0.00174397 0.328817 0.0652648 4 2 0
0.00174431 0.329242 0.0653259 4 2 0
0.00174594 0.331225 0.0656192 4 2 0
0.0017471 0.332577 0.0658271 4 2 0
0.00174875 0.334414 0.0661214 4 2 0
0.00175041 0.336157 0.0664161 4 2 0
0.00175208 0.337809 0.0667111 4 2 0
0.00175376 0.339366 0.0670062 4 2 0
0.00175716 0.342177 0.067599 4 2 0
0.00175887 0.343408 0.0678932 4 2 0
0.00176057 0.344519 0.0681864 4 2 0
0.00176228 0.345494 0.0684781 4 2 0
0.00176399 0.346326 0.0687675 4 2 0
0.0017657 0.346991 0.0690537 4 2 0
0.00176753 0.347469 0.0693349 4 2 0
0.00177003 0.347729 0.0696074 3 2 0
0.00177483 0.347795 0.069862 3 2 0
0.0017841 0.347794 0.0700765 3 2 0
0.00179777 0.347854 0.0702311 3 2 0
0.00181418 0.34801 0.0703332 3 2 0
0.0018323 0.348234 0.0703986 3 2 0
0.0018516 0.348514 0.0704385 3 2 0
0.00187181 0.348839 0.0704601 3 2 0
0.00189278 0.349199 0.0704681 3 2 0
0.00191443 0.349601 0.0704656 3 2 0
0.00193677 0.350046 0.0704547 3 2 0
0.00195983 0.350542 0.0704365 3 2 0
0.00198364 0.351094 0.0704117 3 2 0
0.00200827 0.35171 0.0703809 3 2 0
0.00203376 0.352388 0.0703441 3 2 0
0.00206018 0.353129 0.0703016 3 2 0
0.00208755 0.353937 0.0702536 3 2 0
0.00211589 0.354801 0.0702001 3 2 0
0.00214522 0.355725 0.0701415 3 2 0
0.00217553 0.356703 0.070078 3 2 0
0.00220683 0.357726 0.07001 3 2 0
0.00223909 0.35879 0.0699376 3 2 0
0.00227231 0.35989 0.0698612 3 2 0
0.00230644 0.36102 0.0697813 3 2 0
0.00234147 0.362175 0.069698 3 2 0
0.00237737 0.363354 0.0696116 3 2 0
0.00241412 0.36455 0.0695225 3 2 0
0.00245167 0.365758 0.0694308 3 2 0
0.00248999 0.366976 0.0693368 3 2 0
0.00252906 0.368206 0.0692407 3 2 0
0.00256883 0.369438 0.0691427 3 2 0
0.00260927 0.370674 0.0690429 3 2 0
0.00265035 0.371911 0.0689416 3 2 0
0.00269202 0.373145 0.0688387 3 2 0
0.00273424 0.37438 0.0687345 3 2 0
0.00277697 0.375608 0.068629 3 2 0
0.00282016 0.376833 0.0685223 3 2 0
0.00286375 0.378055 0.0684144 3 2 0
0.00290771 0.379267 0.0683055 3 2 0
0.00295196 0.380473 0.0681954 3 2 0
0.00299645 0.38167 0.0680843 3 2 0
0.00304111 0.382858 0.0679722 3 2 0
0.00308586 0.384039 0.067859 3 2 0
0.00313062 0.385209 0.0677447 3 2 0
0.00317529 0.386367 0.0676293 3 2 0
0.00321979 0.38752 0.0675126 3 2 0
0.003264 0.388657 0.0673947 3 2 0
0.00330781 0.389787 0.0672754 3 2 0
0.00335107 0.390904 0.0671546 3 2 0
0.00339364 0.39201 0.0670322 3 2 0
0.00343536 0.393101 0.0669079 3 2 0
0.00347605 0.394184 0.0667818 3 2 0
0.00351553 0.395252 0.0666534 3 2 0
0.00355359 0.396307 0.0665226 3 2 0
0.00359002 0.397349 0.0663892 3 2 0
0.0036246 0.398375 0.066253 3 2 0
0.00365712 0.399389 0.0661137 3 2 0
0.0036874 0.400387 0.0659711 3 2 0
0.00371527 0.401367 0.0658253 3 2 0
0.00374062 0.402333 0.0656761 3 2 0
0.00376342 0.403283 0.0655235 3 2 0
0.00378371 0.404219 0.0653678 3 2 0
0.00380163 0.405141 0.0652095 3 2 0
0.0038174 0.406047 0.0650488 3 2 0
0.00383131 0.406943 0.0648866 3 2 0
0.00384367 0.40783 0.0647231 3 2 0
0.00384891 0.408233 0.0646481 4 2 0
0.00385961 0.409109 0.0644843 4 2 0
0.00386955 0.40998 0.0643206 4 2 0
0.00387897 0.410849 0.0641577 4 2 0
0.00388808 0.411715 0.063996 4 2 0
0.00389702 0.412579 0.0638358 4 2 0
0.00390593 0.413443 0.0636772 4 2 0
0.00391487 0.414306 0.0635203 4 2 0
0.00392391 0.41517 0.0633654 4 2 0
0.00393308 0.41603 0.0632126 4 2 0
0.00394241 0.416894 0.063062 4 2 0
0.00395192 0.417759 0.0629135 4 2 0
0.00396162 0.418626 0.0627673 4 2 0
0.00397152 0.419492 0.0626235 4 2 0
0.00398163 0.420359 0.0624823 4 2 0
0.00399195 0.421227 0.0623433 4 2 0
0.0040025 0.422096 0.0622072 4 2 0
0.00401328 0.422964 0.0620736 4 2 0
0.0040243 0.423833 0.0619428 4 2 0
0.00403557 0.424704 0.061815 4 2 0
0.00404709 0.425575 0.0616904 4 2 0
0.00405888 0.426448 0.0615689 4 2 0
0.00407095 0.427321 0.061451 4 2 0
0.00408333 0.428195 0.0613364 4 2 0
0.00409601 0.429073 0.061226 4 2 0
0.00410902 0.429951 0.0611196 4 2 0
0.00412239 0.43083 0.0610175 4 2 0
0.00413613 0.431711 0.0609201 4 2 0
0.00415028 0.432595 0.060828 4 2 0
0.00416487 0.43348 0.0607415 4 2 0
0.00417992 0.434364 0.0606612 4 2 0
0.00419549 0.435252 0.0605875 4 2 0
0.00421162 0.436143 0.0605214 4 2 0
0.00422837 0.437041 0.0604634 4 2 0
0.00424579 0.437938 0.0604145 4 2 0
0.00426396 0.438837 0.0603757 4 2 0
0.00428297 0.439738 0.0603486 4 2 0
0.00430291 0.44064 0.0603349 4 2 0
0.0043239 0.441544 0.060336 4 2 0
0.00434609 0.442448 0.0603543 4 2 0
0.00436962 0.443351 0.0603929 4 2 0
0.00439471 0.444251 0.0604552 4 2 0
0.00442158 0.445143 0.0605458 4 2 0
0.00445053 0.446025 0.0606697 4 2 0
0.00448187 0.446889 0.0608344 4 2 0
0.00451601 0.447725 0.0610487 4 2 0
0.00455337 0.448519 0.0613234 4 2 0
0.00459438 0.449249 0.0616714 4 2 0
0.00463938 0.449896 0.0621078 4 2 0
0.00468847 0.450418 0.0626455 4 2 0
0.0047413 0.450793 0.0632933 4 2 0
0.00479691 0.450996 0.0640488 4 2 0
0.00485387 0.451031 0.064899 4 2 0
0.00491058 0.450927 0.0658207 4 2 0
0.0049656 0.450726 0.0667898 4 2 0
0.00501756 0.45047 0.0677858 4 2 0
0.00501778 0.450468 0.0677903 4 2 0
0.00506493 0.450169 0.0687879 4 2 0
0.00506507 0.450168 0.0687911 4 2 0
0.00510601 0.449816 0.0697739 4 2 0
0.00510552 0.449821 0.0697612 4 2 0
0.0051392 0.449412 0.0707101 4 2 0
0.00516519 0.448923 0.0716123 4 2 0
0.00516735 0.448873 0.0716983 4 2 0
0.00518535 0.448299 0.0725414 4 2 0
0.00519706 0.447658 0.0733322 4 2 0
0.00520342 0.446948 0.074075 4 2 0
0.00520535 0.446186 0.074775 4 2 0
0.00520535 0.446183 0.0747776 4 2 0
0.00520361 0.445374 0.0754386 4 2 0
0.00519885 0.444526 0.0760661 4 2 0
0.00519161 0.443644 0.0766632 4 2 0
0.00518226 0.442731 0.077236 4 2 0
0.00517125 0.441801 0.0777828 4 2 0
0.00515882 0.440853 0.078308 4 2 0
0.00514522 0.439894 0.0788132 4 2 0
0.00513047 0.438911 0.0793064 4 2 0
0.00511512 0.437931 0.0797769 4 2 0
0.00509914 0.436946 0.080232 4 2 0
0.00509907 0.436942 0.080234 4 2 0
0.00508258 0.435954 0.0806744 4 2 0
0.00506572 0.434963 0.0811011 4 2 0
0.00505727 0.434473 0.0813074 4 2 0
0.00504002 0.433486 0.0817149 4 2 0
0.00502261 0.432502 0.0821108 4 2 0
0.00500512 0.431521 0.0824948 4 2 0
0.00498763 0.43055 0.0828681 4 2 0
0.00497046 0.4296 0.0832247 4 2 0
0.00495312 0.428643 0.0835766 4 2 0
0.00492532 0.427108 0.0841267 4 2 0
0.00490847 0.42618 0.0844527 4 2 0
0.00489188 0.425263 0.084769 4 2 0
0.004888 0.425048 0.0848425 4 2 0
0.00487179 0.424148 0.0851472 4 2 0
0.00485592 0.423263 0.0854427 4 2 0
0.0048404 0.422392 0.0857288 4 2 0
0.00482528 0.421539 0.0860059 4 2 0
0.00483433 0.422051 0.0858402 4 2 0
0.00481937 0.421203 0.0861135 4 2 0
0.00480543 0.420409 0.0863673 4 2 0
0.00479132 0.419598 0.0866229 4 2 0
0.00477766 0.418803 0.0868696 4 2 0
0.00476449 0.418031 0.0871073 4 2 0
0.00474806 0.417058 0.0874038 4 2 0
0.00473605 0.416333 0.0876208 4 2 0
0.00472456 0.415632 0.0878287 4 2 0
0.00471361 0.414957 0.0880277 4 2 0
0.0047032 0.414301 0.0882175 4 2 0
0.00469335 0.413674 0.0883983 4 2 0
0.00468406 0.41307 0.0885699 4 2 0
0.00467798 0.41267 0.0886832 4 2 0
0.00466965 0.412111 0.088839 4 2 0
0.00465848 0.41134 0.0890514 4 2 0
0.00465159 0.410847 0.0891842 4 2 0
0.0046453 0.410387 0.0893077 4 2 0
0.0046396 0.409956 0.0894216 4 2 0
0.00463449 0.409553 0.0895259 4 2 0
0.00462998 0.409184 0.0896204 4 2 0
0.00462607 0.408844 0.0897053 4 2 0
0.00462275 0.408535 0.0897804 4 2 0
0.00462037 0.408296 0.0898377 4 2 0
0.00461817 0.40805 0.0898946 4 2 0
0.00461798 0.408026 0.0898999 4 2 0
0.00461643 0.407816 0.089946 4 2 0
0.00461553 0.40765 0.08998 4 2 0
0.00461512 0.407503 0.0900072 4 2 0
0.00461511 0.407477 0.0900114 4 2 0
0.00461511 0.407474 0.0900119 4 2 0
0.00461541 0.40737 0.0900271 4 2 0
0.0046163 0.4073 0.0900328 4 2 0
0.00461775 0.407264 0.0900288 4 2 0
0.00461977 0.40726 0.0900153 4 2 0
0.00462234 0.407289 0.0899924 4 2 0
0.00462539 0.40735 0.089961 4 2 0
0.00462903 0.407444 0.0899203 4 2 0
0.00462898 0.407442 0.0899209 4 2 0
0.00463314 0.407567 0.0898716 4 2 0
0.00463323 0.40757 0.0898704 4 2 0
0.0046379 0.407724 0.0898124 4 2 0
0.00464145 0.407852 0.0897672 4 2 0
0.00464694 0.408055 0.0896957 4 2 0
0.0046529 0.408289 0.0896167 4 2 0
0.00465929 0.408549 0.0895306 4 2 0
0.00466466 0.40877 0.0894577 4 2 0
0.0046718 0.409072 0.0893599 4 2 0
0.00467199 0.40908 0.0893573 4 2 0
0.00467952 0.409403 0.0892534 4 2 0
0.00468742 0.409747 0.0891438 4 2 0
0.00468787 0.409767 0.0891376 4 2 0
0.00469613 0.410128 0.0890227 4 2 0
0.00470472 0.410509 0.0889032 4 2 0
0.00471359 0.410903 0.0887797 4 2 0
0.00472275 0.411314 0.0886521 4 2 0
0.00472397 0.411368 0.0886352 4 2 0
0.00473342 0.411789 0.0885037 4 2 0
0.00473385 0.411808 0.0884978 4 2 0
0.00474355 0.412244 0.0883631 4 2 0
0.00475349 0.412688 0.0882256 4 2 0
0.00475373 0.4127 0.0882222 4 2 0
0.00476387 0.41315 0.0880823 4 2 0
0.00477421 0.413614 0.0879401 4 2 0
0.00478486 0.414084 0.0877939 4 2 0
0.00479554 0.41456 0.0876478 4 2 0
0.00480637 0.415035 0.0875002 4 2 0
0.00481735 0.415519 0.0873513 4 2 0
0.00481738 0.41552 0.0873509 4 2 0
0.00482849 0.416007 0.0872007 4 2 0
0.00483973 0.416494 0.0870493 4 2 0
0.00485108 0.416986 0.086897 4 2 0
0.00486378 0.417536 0.0867273 4 2 0
0.00487537 0.418035 0.086573 4 2 0
0.00488705 0.418532 0.0864178 4 2 0
0.00489882 0.419035 0.0862621 4 2 0
0.00491069 0.419539 0.0861057 4 2 0
0.00491605 0.419762 0.0860353 4 2 0
0.00492803 0.420269 0.0858781 4 2 0
0.00494008 0.420776 0.0857205 4 2 0
0.0049522 0.42128 0.0855623 4 2 0
0.00496439 0.421787 0.0854039 4 2 0
0.00496436 0.421786 0.0854042 4 2 0
0.00497661 0.422295 0.0852451 4 2 0
0.00498006 0.422439 0.0852004 4 2 0
0.00499237 0.422945 0.0850414 4 2 0
0.00500472 0.423455 0.0848819 4 2 0
0.00500614 0.423514 0.0848635 4 2 0
0.00501853 0.424022 0.0847038 4 2 0
0.00503095 0.424525 0.0845443 4 2 0
0.00502789 0.424404 0.0845836 4 2 0
0.00504033 0.424911 0.0844241 4 2 0
0.00504082 0.42493 0.0844177 4 2 0
0.00505328 0.425435 0.0842583 4 2 0
0.00506574 0.425939 0.0840989 4 2 0
0.00506412 0.425877 0.0841195 4 2 0
0.00507658 0.42638 0.0839606 4 2 0
0.00508903 0.426882 0.0838016 4 2 0
0.00510146 0.427384 0.0836432 4 2 0
0.00510142 0.427383 0.0836436 4 2 0
0.00511382 0.427881 0.0834861 4 2 0
0.00512617 0.428376 0.083329 4 2 0
0.00513847 0.428868 0.0831725 4 2 0
0.00513734 0.428823 0.0831869 4 2 0
0.00514957 0.429312 0.0830317 4 2 0
0.00515355 0.429467 0.0829811 4 2 0
0.00516567 0.429951 0.0828273 4 2 0
0.00516488 0.429922 0.0828373 4 2 0
0.0051769 0.430401 0.0826849 4 2 0
0.00517681 0.430398 0.082686 4 2 0
0.00518872 0.430871 0.0825349 4 2 0
0.0051996 0.431303 0.082397 4 2 0
0.00521122 0.431763 0.0822494 4 2 0
0.00522267 0.432218 0.0821044 4 2 0
0.00522233 0.432205 0.0821086 4 2 0
0.00523359 0.432648 0.0819659 4 2 0
0.00524462 0.433085 0.0818258 4 2 0
0.00525539 0.433514 0.081689 4 2 0
0.0052569 0.433575 0.0816699 4 2 0
0.00526736 0.433987 0.0815373 4 2 0
0.0052775 0.43439 0.0814083 4 2 0
0.00528731 0.434772 0.0812836 4 2 0
0.00529673 0.435145 0.0811638 4 2 0
0.0052968 0.435148 0.0811628 4 2 0
0.0053058 0.435508 0.0810481 4 2 0
0.00531436 0.435846 0.0809393 4 2 0
0.00532243 0.436166 0.0808362 4 2 0
0.00532997 0.436459 0.08074 4 2 0
0.00533696 0.436737 0.080651 4 2 0
0.00533713 0.436745 0.0806487 4 2 0
0.0053435 0.436995 0.080567 4 2 0
0.00534926 0.437222 0.0804935 4 2 0
0.00534961 0.437239 0.0804892 4 2 0
0.00535469 0.43744 0.0804241 4 2 0
0.00535911 0.437614 0.0803673 4 2 0
0.00535918 0.437618 0.0803664 4 2 0
0.00536294 0.437768 0.0803182 4 2 0
0.00536608 0.437892 0.0802782 4 2 0
0.00536614 0.437895 0.0802775 4 2 0
0.00536866 0.437993 0.0802449 4 2 0
0.00537064 0.438072 0.0802196 4 2 0
0.00537163 0.438106 0.0802071 4 2 0
0.00537285 0.43816 0.0801913 4 2 0
0.0053737 0.438192 0.0801804 4 2 0
0.0053737 0.438192 0.0801803 4 2 0
0.00537426 0.438209 0.0801731 4 2 0
0.00537427 0.438213 0.0801733 4 2 0
0.00537462 0.438224 0.0801686 4 2 0
0.00537482 0.438231 0.080166 4 2 0
0.00537482 0.438236 0.0801661 4 2 0
0.00537493 0.438243 0.0801645 4 2 0
0.00537493 0.438243 0.0801645 4 2 0
0.00537499 0.438245 0.0801637 4 2 0
0.00537501 0.43824 0.0801635 4 2 0
0.00537502 0.438244 0.0801635 4 2 0
0.00537502 0.438246 0.0801635 4 2 0
0.00537502 0.438245 0.0801633 4 2 0
0.00537502 0.438246 0.0801634 4 2 0
0.00537502 0.438238 0.0801633 4 2 0
0.00537502 0.438238 0.0801633 4 2 0
0.00537502 0.438244 0.0801636 4 2 0
0.00537502 0.438244 0.0801633 4 2 0
0.00537502 0.438245 0.0801635 4 2 0
0.00537502 0.438246 0.0801637 4 2 0
0.00537502 0.438247 0.0801633 4 2 0
0.00537502 0.438246 0.0801634 4 2 0
0.00537502 0.438246 0.0801633 4 2 0
0.00537502 0.43824 0.0801633 4 2 0
0.00537502 0.438246 0.0801633 4 2 0
0.00537502 0.438244 0.0801635 4 2 0
0.00537502 0.438245 0.0801638 4 2 0
0.00537502 0.438246 0.0801634 4 2 0
0.00537502 0.438234 0.0801635 4 2 0
0.00537502 0.438246 0.0801633 4 2 0
0.00537502 0.438244 0.0801633 4 2 0
0.00537502 0.438246 0.0801635 4 2 0
0.00537502 0.438235 0.0801633 4 2 0
0.00537502 0.438246 0.0801637 4 2 0
0.00537502 0.438201 0.0801633 4 2 0
0.00537502 0.438236 0.0801633 4 2 0
0.00537502 0.438239 0.0801636 4 2 0
0.00537503 0.438236 0.0801633 4 2 0
0.00537502 0.438246 0.0801635 4 2 0
0.00537502 0.438246 0.0801637 4 2 0
0.00537502 0.438244 0.0801635 4 2 0
0.00537502 0.438247 0.0801633 4 2 0
0.00537502 0.438227 0.0801634 4 2 0
0.00537503 0.438246 0.0801633 4 2 0
0.00537502 0.438244 0.0801633 4 2 0
0.00537502 0.438234 0.0801632 4 2 0
0.00537502 0.438234 0.0801633 4 2 0
0.00537502 0.438244 0.0801638 4 2 0
0.00537505 0.438245 0.0801635 4 2 0
0.00537502 0.438233 0.0801633 4 2 0
0.00537502 0.438244 0.0801636 4 2 0
0.00537502 0.438241 0.0801633 4 2 0
0.00537505 0.438223 0.0801636 4 2 0
0.00537502 0.438243 0.0801635 4 2 0
0.00537502 0.438233 0.0801635 4 2 0
0.00537502 0.438233 0.0801636 4 2 0
0.00537502 0.438245 0.0801637 4 2 0
0.00537502 0.438239 0.0801637 4 2 0
0.00537502 0.438246 0.0801633 4 2 0
0.00537502 0.438243 0.0801635 4 2 0
0.00537502 0.438237 0.0801633 4 2 0
0.00537502 0.438243 0.0801637 4 2 0
0.00537503 0.438232 0.0801634 4 2 0
0.00537503 0.43823 0.0801634 4 2 0
0.00537503 0.43823 0.0801634 4 2 0
